457
502
387
343
457
498
479
293
478
471
479
393
414
476
510
446
476
498
490
448
389
403
484
405
455
386
427
423
456
333
400
483
427
393
458
374
535
325
386
387
436
359
389
412
336
378
326
469
346
367
360
383
378
383
317
288
442
430
392
357
496
360
285
365
287
344
335
334
362
479
322
334
491
379
408
401
352
387
469
358
382
402
446
348
463
278
311
286
362
335
315
336
415
367
296
409
413
468
313
399
429
316
391
376
318
404
356
303
263
348
422
488
255
402
293
477
278
496
400
264
478
424
470
324
366
375
461
430
408
394
455
357
488
484
321
469
506
434
377
436
474
301
436
345
343
333
431
420
401
446
503
277
314
377
428
471
408
514
470
463
472
454
521
405
379
343
398
391
377
372
446
500
478
415
397
359
479
421
451
611
401
456
365
430
352
283
374
434
383
385
382
441
506
391
426
407
486
420
289
435
402
414
474
359
361
389
353
377
341
336
493
392
365
432
471
319
467
535
468
429
462
470
460
462
448
489
463
465
429
417
332
389
335
445
430
364
346
368
433
459
373
464
570
476
468
398
504
384
506
497
528
473
452
351
507
405
492
454
403
509
467
446
519
299
413
298
383
407
533
375
490
430
439
377
543
358
427
476
491
420
417
416
443
433
477
550
402
448
346
497
404
440
358
439
397
483
531
415
509
438
508
390
433
436
475
533
389
543
451
487
469
519
499
452
386
425
398
476
457
453
561
502
486
451
491
518
510
383
343
400
413
473
408
469
451
399
445
424
486
386
403
392
449
416
431
460
373
379
458
454
432
403
580
440
443
477
413
433
433
435
416
485
466
362
425
333
425
457
456
439
441
483
427
428
360
507
462
332
383
449
419
448
465
558
463
556
462
488
458
435
505
430
509
411
380
467
466
492
424
343
492
578
474
456
347
461
429
447
517
383
403
455
427
497
421
481
428
442
511
391
404
411
402
414
468
460
411
511
507
481
421
459
443
452
494
455
468
419
461
444
391
455
355
427
468
472
444
472
453
324
413
443
507
459
446
449
419
406
414
471
544
439
313
351
356
400
445
436
409
446
418
461
426
384
429
322
344
375
259
404
242
394
351
423
394
334
367
356
445
534
378
378
390
290
475
391
354
500
327
448
404
449
313
457
439
372
381
414
457
332
350
483
504
436
283
427
420
307
320
486
374
316
369
412
386
403
327
315
543
423
369
452
258
381
430
415
465
409
450
422
386
476
413
372
405
440
461
520
477
443
367
513
424
478
447
354
487
319
454
411
413
367
542
462
363
513
453
361
535
279
440
393
488
472
412
536
401
404
476
381
482
369
443
433
450
359
424
413
529
408
386
390
351
395
325
354
426
312
385
431
365
505
476
367
467
457
434
369
359
421
451
444
427
523
466
364
504
541
436
416
449
336
398
291
351
271
284
332
296
286
270
269
278
256
255
264
280
346
317
315
285
385
308
385
446
363
445
466
373
384
433
331
289
337
285
402
337
386
268
315
301
428
319
334
509
410
531
364
314
355
420
368
294
384
364
412
411
323
318
447
445
355
384
377
314
436
251
365
412
293
404
340
376
477
329
304
367
252
305
229
288
434
375
482
352
356
345
398
385
319
372
500
466
423
401
450
399
483
507
444
411
339
411
426
385
308
403
387
435
461
474
389
274
294
437
459
394
459
411
396
386
453
396
365
459
376
347
507
463
331
449
447
451
400
430
384
412
344
299
403
463
297
336
495
321
325
356
336
377
336
415
429
499
466
269
546
294
318
386
440
612
352
457
389
393
334
384
535
376
484
312
469
439
497
325
449
337
289
328
410
342
390
419
358
385
394
270
303
318
357
440
350
302
516
307
309
425
374
334
398
302
357
431
474
432
392
524
410
432
428
386
335
381
431
485
366
443
361
413
448
455
516
488
366
527
584
386
425
394
385
434
424
396
306
495
374
335
434
503
457
452
545
435
410
430
434
430
439
456
342
427
463
418
508
300
423
377
513
378
428
430
403
328
388
430
448
450
478
480
449
437
409
443
402
414
430
454
434
371
468
486
388
327
380
491
387
537
427
485
473
403
478
590
422
539
395
420
376
390
412
438
454
405
485
412
367
372
436
354
474
496
388
352
436
482
421
447
531
447
368
472
368
358
433
384
292
403
386
459
487
394
392
409
528
372
376
420
448
480
450
419
423
425
419
483
461
346
473
460
417
445
356
369
386
337
464
333
491
325
379
434
502
409
408
446
419
395
349
364
460
366
519
384
450
395
419
422
346
366
587
455
429
435
381
403
481
403
363
410
373
406
331
421
374
447
326
426
345
417
432
403
531
438
426
388
466
348
518
458
504
367
363
408
432
462
450
531
509
335
349
413
391
493
410
439
501
343
327
399
428
436
381
408
372
446
311
401
423
466
384
481
416
373
458
456
407
339
414
367
342
390
394
441
475
476
471
546
400
380
386
404
534
338
407
395
401
446
401
519
474
370
336
373
341
434
379
437
352
414
381
478
342
381
388
365
400
412
436
491
380
479
309
372
362
436
474
400
308
421
429
432
359
417
418
320
440
373
467
456
403
390
392
493
377
414
533
390
439
365
374
473
430
499
401
476
472
489
431
419
415
318
550
431
335
431
363
423
419
377
453
414
422
366
533
416
405
456
379
424
453
434
386
396
485
536
415
398
424
448
526
408
417
414
478
444
381
432
485
483
520
449
529
456
373
316
343
368
357
499
323
374
427
424
473
302
458
386
520
364
436
396
426
430
446
375
389
325
441
509
482
360
366
457
432
488
562
359
396
449
396
286
423
402
389
554
496
479
463
436
469
447
372
492
463
364
382
449
414
361
395
519
394
308
366
416
386
391
428
322
422
306
372
332
398
349
366
478
340
307
381
380
376
433
419
388
331
444
356
455
391
453
458
437
461
410
409
452
394
397
533
467
427
383
412
388
409
428
352
356
507
432
490
447
473
399
374
453
408
365
481
333
423
388
546
411
414
318
429
405
384
459
408
520
401
444
375
491
472
417
480
506
425
375
395
403
447
399
371
316
402
291
376
446
485
413
438
387
486
307
389
365
467
446
360
399
465
416
422
379
425
453
383
412
323
488
349
367
422
413
477
462
381
344
269
449
438
352
484
403
462
443
326
409
389
492
428
418
463
397
391
504
475
367
367
388
319
437
328
278
437
354
363
315
379
386
310
501
395
503
349
338
390
403
337
323
398
439
522
343
370
390
451
315
419
344
373
373
304
283
503
460
483
469
385
405
302
335
334
378
286
384
485
414
302
432
359
391
381
384
312
418
424
547
369
433
342
400
357
311
426
493
440
339
475
433
445
364
627
343
508
419
348
357
409
436
283
331
470
301
448
504
420
406
425
436
278
313
468
473
446
479
432
498
281
411
411
382
455
319
490
384
279
459
449
433
441
466
492
439
388
336
414
410
329
312
448
504
371
506
398
437
496
330
354
378
423
303
441
464
503
419
329
560
430
414
497
483
474
372
415
396
437
410
411
491
350
436
406
539
605
423
487
529
352
328
507
445
474
455
537
429
514
383
437
429
434
417
416
402
412
491
465
514
383
419
417
344
368
509
372
559
493
452
453
487
484
476
393
419
435
435
524
276
472
334
445
486
388
423
440
476
460
356
388
408
479
504
449
416
369
323
439
457
512
353
422
441
352
478
397
466
403
447
500
375
413
441
414
395
382
438
449
457
376
445
408
378
359
433
346
467
401
489
354
465
406
394
467
432
504
455
400
399
379
415
335
258
633
420
459
377
452
467
402
559
481
465
536
423
356
379
405
556
407
520
353
392
461
459
448
415
406
427
435
516
467
350
353
472
508
533
539
469
460
522
521
490
499
447
472
475
438
457
444
394
400
429
370
450
494
488
476
345
363
458
537
471
484
454
510
527
459
490
464
507
458
430
411
361
391
479
465
450
429
430
347
386
443
413
415
422
478
518
457
499
434
512
434
444
459
459
425
444
530
396
509
283
408
486
381
535
426
369
411
454
397
464
441
355
395
452
465
424
475
415
478
375
464
389
399
409
471
359
380
382
284
457
428
409
420
495
446
480
397
289
445
438
441
345
441
396
350
414
425
485
514
384
485
439
290
516
467
434
528
446
369
451
475
515
512
457
450
471
497
482
420
484
393
478
424
528
412
391
465
441
478
448
450
463
268
380
473
411
481
464
455
322
483
507
420
482
422
371
418
469
440
479
480
434
397
456
414
340
448
335
343
398
406
404
411
372
357
359
379
353
305
376
331
302
317
362
445
463
288
424
314
449
357
527
419
447
407
422
480
415
403
459
505
466
467
463
319
303
426
372
388
382
289
342
478
418
280
449
321
504
457
453
274
362
355
496
310
331
368
265
408
372
399
394
407
356
415
453
373
366
394
449
424
334
457
363
517
332
443
441
368
339
324
268
462
266
270
375
432
254
264
430
388
401
401
338
341
281
256
248
463
391
451
409
335
337
312
413
387
395
304
413
327
316
293
419
390
362
537
462
416
310
442
470
415
529
373
360
349
387
494
411
410
344
396
423
353
380
464
434
475
527
389
401
428
400
458
473
379
406
414
408
522
445
438
392
422
502
414
465
496
288
340
429
446
395
394
401
376
354
429
405
458
462
440
440
409
602
476
431
434
440
316
488
474
432
410
406
419
408
412
415
491
449
419
316
396
523
315
382
413
442
411
435
413
397
372
401
549
461
452
477
484
484
413
503
359
385
419
405
502
370
495
480
410
348
314
458
373
450
422
416
425
518
482
475
430
463
484
299
481
362
395
465
508
402
359
497
359
381
390
317
274
444
316
317
287
396
376
282
334
411
382
378
330
494
392
434
409
500
456
453
432
422
446
436
441
430
467
435
450
395
383
491
396
447
479
427
396
441
407
461
473
408
502
491
308
449
296
445
432
404
425
411
440
441
390
300
484
365
400
492
368
347
409
451
470
489
337
392
442
417
324
459
300
444
427
321
404
389
414
429
459
382
424
425
475
355
401
352
498
365
400
393
395
487
391
352
382
340
415
300
418
404
388
401
336
350
453
419
432
423
383
397
366
417
405
454
334
431
476
503
420
420
430
366
530
434
351
481
378
316
322
467
331
424
324
357
312
434
470
530
457
442
382
403
419
427
442
470
483
359
508
458
460
478
530
322
397
396
447
400
448
415
325
516
464
456
444
477
437
345
411
492
548
471
473
345
392
414
545
423
448
536
458
514
470
329
373
598
389
436
442
545
461
397
502
407
385
351
316
445
410
373
494
418
447
322
469
436
574
464
429
472
399
472
440
504
473
459
386
384
381
431
322
364
360
340
449
445
316
455
386
467
344
416
389
593
481
417
403
401
393
427
426
414
436
390
409
375
425
427
347
420
421
432
573
454
398
447
422
521
488
415
468
328
451
410
406
456
444
381
398
435
479
410
434
376
303
275
484
463
615
456
399
381
387
457
576
464
405
425
400
363
445
473
529
387
384
269
383
549
406
329
438
441
494
407
418
409
517
536
408
508
330
338
490
428
430
378
416
453
425
381
450
428
409
427
390
428
461
467
350
381
435
526
365
443
457
382
391
440
478
460
400
388
544
420
567
479
334
252
401
452
425
350
410
430
361
396
348
504
352
518
495
453
329
442
488
378
523
374
274
505
549
541
432
440
400
410
491
408
340
437
323
471
508
470
440
400
456
345
560
363
340
396
456
376
468
517
358
376
531
411
358
505
503
321
533
340
435
415
435
430
457
506
338
409
473
433
369
475
491
345
537
359
398
384
379
456
462
430
388
398
291
461
440
348
459
354
367
437
427
381
473
434
427
437
408
445
395
385
339
420
367
356
458
378
396
472
350
447
404
392
433
360
360
375
450
484
423
528
327
386
484
474
355
366
436
318
457
419
388
473
377
397
458
326
388
404
495
413
448
341
378
440
546
400
407
352
411
421
374
427
355
445
475
399
350
464
454
365
443
410
474
454
405
357
501
411
418
346
428
423
417
382
458
414
434
452
380
295
373
426
470
485
375
436
351
426
363
379
445
537
430
317
392
341
420
336
397
465
397
501
357
565
465
438
490
385
435
385
414
459
474
499
463
511
399
471
422
481
448
522
470
398
389
490
455
383
377
363
451
369
534
515
378
452
479
373
506
393
350
392
459
388
522
498
359
320
403
466
329
388
397
538
526
487
348
494
395
361
471
489
403
477
377
373
420
376
431
424
429
399
560
454
442
359
389
424
444
498
454
307
394
453
499
358
421
423
446
372
436
458
360
328
404
394
430
359
431
487
405
503
384
405
436
364
473
506
348
386
393
471
313
425
375
516
399
392
436
404
442
418
482
437
405
460
357
335
312
360
279
423
348
266
352
388
328
412
442
465
317
358
399
427
454
291
444
366
416
421
489
330
471
384
363
304
309
406
342
381
422
495
387
379
321
377
436
424
392
389
438
408
368
378
402
350
373
410
421
338
393
349
430
516
506
512
401
386
418
362
416
376
430
459
444
391
325
392
421
367
388
422
447
500
391
348
350
395
351
401
427
426
488
457
488
478
315
385
314
431
361
399
446
277
456
284
406
403
457
421
386
451
367
370
426
295
471
453
399
342
315
421
335
415
410
358
470
439
525
501
369
401
446
415
538
358
354
291
326
416
410
483
390
469
411
413
409
362
514
471
452
428
386
394
388
378
426
414
361
370
377
383
380
367
370
420
505
479
464
366
427
493
327
537
343
503
461
411
423
457
456
534
410
393
376
493
380
352
341
378
439
409
400
482
360
475
418
450
395
446
325
529
335
349
372
352
407
265
466
372
390
378
436
488
381
456
303
391
396
537
414
331
476
402
333
504
459
409
369
452
499
481
324
326
398
314
464
406
422
427
345
317
429
484
396
376
352
329
462
347
295
319
466
271
416
367
375
520
413
364
440
394
445
446
534
453
451
452
402
448
375
445
429
413
447
536
512
415
397
422
359
377
437
392
462
431
380
447
559
394
378
420
319
437
451
351
422
415
370
447
420
431
473
404
392
452
452
418
466
454
359
488
481
318
435
270
355
429
511
394
448
512
383
430
514
333
358
349
335
360
388
370
350
422
471
477
435
408
430
409
405
417
519
462
354
401
317
468
491
566
369
439
428
366
418
450
478
545
439
470
488
443
452
390
483
403
446
522
397
391
436
455
392
391
390
423
308
505
404
443
353
493
383
304
385
392
467
403
453
381
400
427
389
393
445
432
473
345
466
378
413
379
346
464
345
354
515
495
391
439
422
390
359
387
368
329
281
281
287
345
280
301
282
378
300
319
291
454
301
259
334
309
334
318
295
370
386
358
326
460
406
411
368
407
326
302
331
387
309
313
351
306
385
386
317
433
410
385
282
411
321
313
260
366
325
368
504
359
425
341
336
356
378
416
511
572
365
356
374
325
456
443
404
499
312
453
411
430
474
387
301
386
411
427
460
492
366
449
309
495
342
430
386
328
357
291
308
347
357
354
242
498
483
537
384
400
475
343
352
464
436
342
245
295
324
349
443
394
471
439
375
408
417
275
427
399
500
388
384
471
359
459
349
476
460
352
306
331
379
388
438
430
323
380
523
433
434
295
424
429
398
420
399
397
465
508
359
327
474
413
443
527
343
502
446
427
440
414
466
416
473
425
503
463
432
412
439
450
405
405
416
402
429
435
375
481
441
531
503
434
482
429
447
438
339
423
484
424
402
493
416
441
417
356
476
483
441
519
438
374
432
419
438
513
399
418
366
387
301
370
438
420
429
447
368
374
498
387
328
321
427
491
376
363
455
531
399
382
373
495
380
460
346
393
433
380
417
518
345
432
491
414
391
437
398
380
389
437
406
379
388
403
435
407
504
343
435
452
417
439
446
447
452
395
434
354
493
428
440
467
443
397
435
436
452
433
526
453
479
457
416
378
392
483
461
463
466
426
507
438
354
435
421
412
443
585
468
549
366
305
406
380
277
490
426
336
396
391
439
416
382
448
363
376
391
505
392
345
342
345
352
339
477
344
445
417
351
410
486
380
395
334
575
422
386
426
455
525
408
395
419
414
433
376
432
310
461
421
329
380
366
409
474
401
376
354
360
472
326
387
442
413
358
469
395
378
423
312
415
391
382
365
352
362
480
383
405
422
387
534
398
439
407
445
410
516
348
335
423
461
358
348
401
377
479
443
367
443
485
334
439
404
429
412
455
409
370
404
349
321
479
296
385
388
409
469
326
441
428
524
486
435
347
494
330
424
328
463
338
413
479
342
410
419
477
421
337
342
362
362
459
423
463
408
427
483
386
406
502
475
296
305
492
448
322
390
389
308
417
323
351
424
431
456
410
331
320
297
371
286
429
462
443
403
386
344
375
392
446
459
385
444
397
450
481
418
477
466
412
368
362
509
429
407
317
301
457
306
432
454
360
456
316
415
418
465
297
399
431
385
306
255
457
357
389
292
408
520
294
301
429
465
384
499
391
429
382
458
492
390
473
451
476
373
460
417
455
405
354
359
457
554
321
442
411
444
399
399
492
391
335
421
318
440
498
388
339
386
404
424
462
473
367
345
393
455
399
467
514
310
447
429
545
452
440
369
463
418
470
412
437
485
460
410
485
451
428
378
446
434
358
343
323
466
281
425
269
270
400
334
325
363
402
448
325
461
404
470
353
364
323
432
269
353
306
349
252
330
378
402
401
372
490
314
309
440
356
285
283
334
267
469
313
407
356
297
309
381
437
299
415
367
277
258
420
257
287
282
378
324
436
591
349
308
435
458
417
314
399
363
311
469
578
359
436
358
406
409
383
299
285
356
357
346
370
344
336
382
361
420
396
435
409
413
393
400
413
434
369
342
484
424
369
390
380
425
323
447
394
441
322
381
296
372
372
433
315
338
378
340
410
314
406
367
367
333
395
320
296
406
277
420
412
365
399
271
444
468
407
409
376
422
426
586
386
443
386
432
414
459
406
385
330
284
415
403
444
481
497
334
460
417
435
433
498
371
417
411
406
463
349
431
489
430
475
471
426
414
490
450
427
333
390
473
450
399
482
357
402
328
392
543
439
436
374
499
465
521
350
396
458
418
471
431
516
314
350
436
379
351
383
331
323
288
390
380
437
288
368
363
356
296
263
426
316
384
418
480
392
251
267
287
520
425
484
316
276
322
342
327
395
426
361
340
452
365
500
403
373
274
375
312
451
429
372
450
355
344
381
339
356
448
309
396
344
457
342
434
368
360
380
480
461
365
468
441
452
380
342
334
298
537
368
313
311
445
367
428
302
678
366
337
445
382
387
416
341
361
346
505
443
372
340
374
469
311
365
412
356
372
390
352
401
457
445
464
314
367
425
379
393
434
361
385
521
386
367
385
453
445
377
311
448
375
479
400
383
413
467
431
388
404
429
460
373
444
349
457
497
304
304
410
414
502
347
494
430
377
405
370
413
502
350
440
530
436
410
528
370
443
424
491
339
361
420
485
501
499
552
468
434
453
441
500
398
357
399
484
384
447
403
424
503
430
424
440
479
411
406
469
496
461
481
543
437
389
457
295
433
406
384
262
328
380
340
487
483
451
548
380
465
435
301
392
473
396
292
348
341
523
414
382
441
312
487
419
345
427
393
378
352
439
444
401
380
436
481
445
347
410
440
418
463
422
487
416
444
449
440
406
383
464
404
462
348
411
356
352
469
339
402
559
332
366
407
352
278
441
339
455
390
436
260
439
367
422
390
281
317
420
288
306
466
428
354
403
383
322
372
501
467
418
321
459
434
295
402
367
409
325
363
416
279
395
379
401
411
409
400
352
391
443
424
447
507
398
421
440
335
458
395
369
448
457
475
369
405
402
443
428
381
419
310
369
379
428
488
320
458
393
463
332
457
406
368
453
420
394
380
428
352
492
413
426
416
395
487
394
389
375
418
440
319
438
409
442
461
449
426
367
382
483
375
439
361
485
471
436
407
466
509
431
491
438
398
483
490
471
320
490
414
498
478
397
455
421
301
439
429
392
412
357
433
354
442
474
422
445
490
503
392
367
447
420
442
419
452
396
387
354
452
553
428
389
401
421
473
433
441
490
383
467
361
363
305
332
516
495
479
419
396
367
468
398
526
513
408
406
437
528
407
461
333
399
396
457
419
471
472
385
431
423
440
426
342
342
380
416
380
384
416
459
299
417
442
330
292
408
372
309
392
436
380
438
397
384
385
438
373
357
324
454
429
441
349
417
418
385
402
444
477
328
455
419
380
399
412
430
452
430
351
468
467
441
440
437
521
349
372
365
394
364
498
352
467
526
363
448
398
314
364
390
399
514
368
450
444
427
379
436
420
414
369
428
384
430
336
491
505
521
405
360
434
393
370
402
394
353
418
373
423
410
403
444
471
404
430
393
405
507
434
346
340
426
337
395
391
392
471
406
471
473
419
400
368
452
392
389
399
423
371
431
433
395
560
500
379
402
437
459
354
463
388
484
491
451
382
471
343
408
405
460
383
371
421
398
367
451
403
443
528
332
398
399
369
461
443
362
377
481
458
503
443
433
387
386
392
446
437
428
338
332
503
382
475
298
458
401
382
372
438
378
302
349
364
410
444
451
399
446
472
473
416
389
445
445
450
376
400
414
334
440
419
326
447
416
448
380
392
426
416
342
395
397
320
320
363
435
399
386
424
438
427
353
382
538
487
421
419
454
444
432
445
499
399
369
522
385
438
431
466
425
355
377
428
486
403
499
401
389
387
528
473
461
385
505
443
386
523
381
477
387
421
432
396
488
400
477
447
358
421
323
412
351
454
272
407
320
282
362
454
493
471
396
449
373
457
440
456
487
471
412
555
404
461
523
415
422
432
519
259
502
509
473
400
234
330
458
375
493
319
422
373
440
371
447
409
445
432
426
420
337
422
356
466
379
400
428
381
409
498
370
423
427
370
385
461
480
460
417
400
457
385
489
399
475
494
400
410
414
372
356
457
405
358
377
343
413
317
381
395
370
359
475
465
540
337
438
419
384
374
440
454
450
445
481
353
443
375
413
459
409
479
334
412
440
476
434
420
514
431
422
465
597
413
424
428
414
410
502
392
535
489
516
373
460
473
472
429
455
340
491
362
410
391
390
397
342
482
406
403
460
319
371
378
474
415
493
352
550
487
392
417
364
429
457
429
451
471
466
409
439
409
385
355
406
370
456
397
352
411
373
404
442
364
386
391
376
483
472
420
409
360
415
430
418
333
338
396
358
286
326
320
361
396
451
328
395
369
341
288
383
314
324
391
288
489
494
419
341
444
451
447
426
311
365
431
384
411
474
367
434
326
319
341
465
296
501
451
385
401
373
278
371
438
301
414
457
449
421
351
392
310
304
309
441
439
507
359
423
362
386
482
381
487
410
376
460
416
408
351
398
338
518
422
314
399
378
359
430
290
442
296
459
350
382
460
360
424
301
492
467
473
301
376
414
387
426
416
437
405
315
370
426
337
544
347
432
418
388
357
366
419
544
450
459
451
450
481
525
495
402
328
500
370
352
354
349
458
397
397
264
277
483
320
337
354
386
446
363
267
436
316
431
333
491
555
435
342
257
411
355
416
272
299
502
366
457
389
412
290
377
315
311
344
343
340
320
401
406
277
332
438
413
398
315
460
323
336
379
378
405
474
365
384
389
440
381
363
323
268
329
336
287
499
334
379
388
380
312
350
382
318
392
445
433
361
402
374
257
318
454
315
446
431
457
402
475
413
429
442
419
400
376
403
406
423
380
397
395
434
379
392
342
374
455
268
254
253
398
504
272
433
256
359
383
369
366
329
306
326
336
327
412
377
339
328
496
335
412
285
418
274
283
292
326
391
440
496
346
299
394
436
394
363
428
332
332
428
360
294
440
320
358
378
264
395
406
405
281
475
388
280
374
326
526
276
344
386
243
494
272
452
284
443
276
403
353
322
374
338
272
398
389
266
307
496
462
426
342
365
344
459
467
367
415
436
405
441
392
475
419
444
406
576
411
304
395
533
356
340
411
332
411
387
360
411
305
284
365
336
434
469
472
376
326
441
414
398
358
398
284
491
296
286
309
433
359
290
329
350
397
328
270
514
251
237
261
401
306
501
253
354
423
363
353
404
451
356
368
290
321
309
274
399
322
345
339
424
469
426
454
430
300
372
362
367
536
365
427
320
273
466
357
414
294
350
291
442
461
335
431
417
355
491
330
370
366
409
356
345
382
461
423
352
407
403
401
424
397
393
363
413
458
499
483
490
397
294
307
391
421
398
459
488
400
400
409
427
415
387
372
354
385
452
402
390
574
424
439
445
390
421
420
473
534
303
422
434
372
502
387
436
393
349
406
338
358
362
463
380
371
461
349
359
412
424
485
497
334
396
424
458
412
430
451
415
370
445
263
321
400
439
430
400
393
443
478
489
432
443
344
429
350
378
404
396
349
336
391
476
438
317
429
305
439
364
316
448
378
528
361
449
381
484
389
395
335
385
377
492
386
461
518
379
432
455
351
392
458
427
364
499
401
340
512
380
374
464
405
477
369
400
467
489
320
360
446
458
426
476
418
398
411
385
370
490
526
384
461
325
385
384
289
440
461
463
401
479
460
412
465
434
420
464
349
494
434
349
347
434
329
315
346
382
503
428
505
385
392
334
526
490
432
409
270
431
288
381
444
388
321
534
278
414
469
437
426
268
268
451
497
336
457
496
351
384
418
382
393
503
378
285
334
458
446
549
362
306
403
348
295
429
407
497
399
406
333
498
430
442
397
507
478
313
502
429
475
235
389
395
412
519
396
433
364
486
386
455
474
378
374
397
297
563
431
504
412
493
388
272
290
437
311
461
397
351
478
294
432
428
477
484
410
421
459
459
450
365
278
395
358
405
382
439
419
424
485
364
371
393
405
439
413
453
397
289
481
303
355
381
419
510
398
418
335
447
344
351
292
403
371
467
414
422
378
428
432
436
424
434
397
301
331
352
456
366
408
300
333
526
353
380
392
436
413
263
383
376
420
350
345
419
323
339
372
404
494
302
435
427
315
505
394
423
442
420
425
425
411
439
372
512
490
399
441
279
355
473
375
379
453
345
430
320
455
390
404
342
398
477
416
291
318
521
380
506
339
402
351
362
348
509
441
446
415
301
450
266
378
397
345
446
369
436
311
374
282
402
298
445
331
364
332
442
365
407
278
379
455
261
382
410
282
412
310
382
303
259
395
307
327
380
426
438
287
321
389
303
333
334
446
364
489
339
347
423
329
268
457
496
439
449
435
333
325
487
295
399
441
423
337
459
476
321
418
439
402
497
530
478
341
373
462
442
510
495
325
442
319
394
437
449
461
477
406
414
404
470
395
318
288
432
396
412
326
389
330
391
325
265
398
381
363
332
423
415
374
382
309
361
312
499
314
348
354
401
405
329
386
331
396
437
379
386
433
366
362
441
351
294
352
495
471
291
418
528
411
427
419
304
468
437
359
447
521
367
333
422
343
388
403
399
447
457
404
500
410
420
379
416
358
448
402
522
426
364
422
412
490
436
371
462
371
325
364
477
356
488
403
441
406
372
425
268
399
475
457
392
427
429
329
391
424
296
364
411
439
440
327
429
387
368
487
347
487
414
339
357
366
503
419
378
378
408
356
312
489
348
380
484
452
479
363
496
317
469
435
520
447
308
418
484
400
306
323
349
345
501
384
589
519
411
370
306
412
297
444
432
366
394
349
376
473
291
499
494
359
441
516
440
436
474
428
456
362
345
400
295
577
466
433
498
491
376
408
473
386
344
380
431
503
489
413
529
456
472
412
442
427
573
346
356
430
390
292
526
463
520
503
396
458
502
323
448
400
416
333
358
434
358
412
371
435
428
332
394
417
489
429
405
399
492
368
370
503
408
518
468
376
345
496
373
432
500
509
487
288
383
431
358
429
421
433
419
428
442
277
398
371
402
447
487
511
446
404
411
387
424
464
491
436
453
419
443
393
396
428
504
469
382
461
368
385
445
491
463
345
485
409
420
489
575
451
407
425
475
411
376
319
446
430
506
351
436
419
458
467
489
482
416
402
436
479
421
422
516
562
463
400
404
372
275
411
341
280
360
294
344
319
291
358
415
371
286
336
240
401
295
406
414
346
451
364
307
447
378
381
371
311
325
414
306
442
381
363
355
371
304
390
428
375
433
366
416
381
306
286
342
411
329
368
388
309
500
362
309
272
376
317
416
403
449
388
378
349
426
370
387
292
339
396
435
394
286
336
258
327
263
335
247
311
362
277
349
265
324
326
324
384
311
328
264
405
313
329
277
335
343
399
297
298
256
248
287
285
321
300
288
318
364
335
285
264
309
269
377
323
376
380
301
294
254
263
286
356
494
279
346
237
308
253
253
424
314
278
578
313
361
301
401
379
375
316
351
326
254
297
247
346
260
482
307
322
290
266
345
292
411
355
318
246
386
333
321
287
394
287
269
300
334
358
297
278
388
442
258
263
248
431
325
287
368
329
452
296
248
564
349
404
334
485
475
358
376
319
383
311
321
253
266
271
310
265
293
252
337
313
272
247
477
552
313
239
396
303
256
238
446
473
435
359
432
422
350
273
298
484
324
354
375
353
279
309
489
379
254
435
365
476
287
378
277
331
386
354
273
357
367
334
277
377
515
391
362
377
283
381
335
475
384
314
480
336
324
286
463
383
247
387
369
301
272
353
291
412
480
372
350
431
382
384
358
440
421
379
360
369
363
440
369
359
363
449
386
343
365
409
369
421
490
582
277
453
393
348
388
345
376
370
379
464
394
293
422
449
421
406
483
268
403
404
393
418
472
498
503
390
386
373
436
476
378
342
366
457
310
305
254
268
350
292
361
312
305
280
344
268
300
426
357
312
328
346
271
287
311
340
300
253
253
297
267
295
474
494
441
401
346
478
418
337
375
349
286
370
447
403
404
390
474
503
344
329
376
335
415
349
326
412
396
426
409
374
274
412
409
500
241
323
312
353
307
505
460
454
294
310
483
405
386
455
333
411
358
263
262
445
288
500
472
311
561
415
550
313
432
467
317
237
430
350
376
316
355
330
351
324
289
324
338
408
419
367
428
343
451
312
331
229
422
462
293
308
460
377
301
476
578
419
333
522
446
341
305
472
262
304
321
433
523
540
491
301
287
524
454
426
364
380
279
295
310
425
476
388
498
416
382
400
247
435
264
277
277
417
342
440
396
358
490
244
397
330
452
389
478
395
480
284
281
349
245
243
234
245
393
441
214
323
290
470
304
302
322
255
352
303
259
256
457
361
352
410
406
339
457
475
457
367
279
398
484
411
498
413
389
495
399
400
398
344
347
468
415
496
517
401
408
440
354
439
421
472
363
465
426
503
530
341
342
453
465
532
434
378
339
415
442
317
387
470
510
458
423
388
300
324
371
381
434
306
386
487
440
354
321
404
325
421
374
285
439
463
507
503
329
286
412
252
309
460
438
288
331
457
482
382
469
365
430
281
482
467
437
513
401
428
421
267
437
433
341
372
412
321
424
464
430
419
319
374
352
386
509
350
365
424
374
444
435
430
503
278
371
405
382
405
497
397
387
420
390
388
448
379
409
385
445
432
413
416
308
386
420
473
339
421
493
380
386
487
445
290
342
392
465
453
454
438
448
445
329
317
505
410
423
471
418
492
427
421
372
382
374
365
387
467
434
503
497
492
505
404
382
416
410
396
349
630
444
401
418
462
359
311
369
498
394
473
542
407
503
362
484
467
412
415
459
429
473
379
336
415
382
392
400
383
449
507
435
339
365
483
447
451
429
432
419
440
362
444
585
448
328
466
429
481
460
428
500
454
437
293
389
484
389
423
449
383
415
490
404
347
339
429
349
367
560
415
519
537
494
394
472
485
375
387
455
400
393
453
505
423
371
385
443
425
412
450
447
490
442
461
406
370
501
435
525
319
402
463
440
378
405
489
468
454
302
489
437
476
359
434
472
354
480
336
516
507
430
462
528
503
405
527
450
443
407
381
446
414
359
409
383
384
467
441
424
402
479
453
463
418
448
451
325
410
477
371
380
293
477
521
467
351
513
442
439
517
468
502
448
472
382
477
399
415
408
337
312
400
410
333
329
395
363
549
482
484
419
419
413
450
351
346
381
458
401
294
475
401
446
455
423
441
427
348
494
498
419
499
497
462
409
379
471
304
417
378
407
346
351
391
438
500
473
386
502
419
324
378
469
453
417
488
369
422
355
326
422
522
347
428
479
363
404
291
335
369
404
352
442
404
418
469
474
364
457
438
487
402
331
394
463
441
408
320
412
387
405
464
504
337
387
484
417
451
402
425
284
472
542
493
438
428
404
473
474
490
408
385
393
354
485
372
478
393
450
411
418
389
407
391
398
488
312
437
503
386
354
441
412
529
525
480
481
500
437
427
385
446
433
410
464
404
433
351
328
357
449
432
455
405
421
352
380
444
463
500
511
458
386
467
362
384
387
498
546
444
480
446
418
406
466
471
526
402
477
471
382
469
410
415
571
479
480
549
534
594
461
536
538
471
486
454
506
417
497
406
480
396
440
441
349
434
505
448
388
419
438
365
451
445
479
443
430
458
462
524
476
397
528
519
380
409
481
379
529
432
409
372
482
501
426
500
391
455
430
474
448
410
353
495
386
503
504
531
466
549
464
472
478
408
578
545
543
355
470
482
543
427
402
392
456
348
530
444
450
399
405
481
486
432
419
510
503
409
363
491
429
412
475
516
457
415
414
464
422
485
374
300
424
460
329
353
352
448
388
500
453
401
410
274
323
297
401
431
449
464
440
512
452
438
381
439
424
380
458
294
386
375
336
461
396
422
513
445
504
389
482
358
338
446
432
419
476
388
386
332
486
535
301
432
377
319
457
341
411
443
312
445
385
493
454
414
441
472
462
406
452
365
384
300
390
297
306
453
349
437
450
350
399
326
345
345
377
454
406
496
281
311
381
388
473
409
369
391
435
270
354
295
357
370
302
462
355
363
392
415
353
267
417
304
283
319
287
365
286
386
448
333
310
322
269
246
384
309
389
344
274
407
310
309
364
484
279
242
343
498
390
344
311
396
376
401
298
350
449
356
259
252
345
332
276
278
379
400
254
419
268
239
355
334
377
403
410
306
360
413
379
313
432
472
420
348
276
302
250
462
431
454
358
436
439
341
447
353
413
260
359
412
361
471
445
434
286
388
461
451
460
327
398
374
308
325
335
326
382
361
407
307
328
285
294
460
353
250
378
483
351
423
415
359
431
321
363
325
365
299
268
264
448
395
453
396
322
453
346
378
288
461
436
349
318
319
284
352
365
312
314
332
332
453
377
335
270
333
341
379
506
462
281
346
392
293
320
401
481
437
418
450
486
312
272
396
378
555
343
378
465
388
396
332
381
360
369
470
279
368
339
400
347
266
433
345
346
406
416
340
430
385
256
372
359
325
390
424
327
341
358
389
330
426
338
446
342
375
258
386
427
218
312
230
328
400
435
356
470
306
367
418
367
294
366
265
476
315
278
446
417
330
502
537
303
387
381
397
319
530
358
443
294
309
454
346
519
416
288
256
312
362
409
460
394
409
363
381
391
385
403
382
443
406
436
447
376
254
326
275
538
364
331
277
418
373
362
358
386
379
363
402
392
374
400
417
278
275
256
350
318
356
307
381
463
521
367
356
371
411
484
441
366
392
355
460
356
451
317
370
315
437
266
415
428
354
357
364
476
417
365
383
373
508
477
445
291
309
428
396
320
547
285
508
401
292
446
391
256
417
405
443
290
307
346
384
431
285
325
406
373
508
263
426
451
379
278
289
315
376
399
381
386
348
463
476
362
526
468
275
427
306
464
300
442
419
419
394
355
433
426
320
567
303
348
464
447
470
420
442
292
245
294
393
309
301
531
332
408
449
384
373
370
387
347
385
408
478
447
361
399
282
553
406
405
347
297
508
450
455
438
372
401
428
411
296
393
414
485
412
405
278
342
482
347
368
367
442
475
427
415
431
454
517
428
373
472
494
559
463
501
422
480
394
493
516
439
449
446
379
548
329
353
342
447
446
430
590
471
402
282
419
377
485
458
312
421
507
451
449
341
340
476
444
469
356
370
515
379
379
542
460
452
409
274
428
417
334
402
397
412
392
350
433
353
435
355
437
374
328
443
374
404
454
547
478
464
316
326
421
449
474
416
407
423
332
403
365
310
493
285
293
429
355
448
491
382
362
377
464
408
427
363
439
302
494
341
440
426
492
326
377
431
338
426
382
278
410
303
401
307
368
385
352
316
314
455
279
403
520
411
339
346
481
429
280
284
350
427
380
388
291
364
390
315
458
393
509
279
388
357
386
372
457
381
462
431
524
403
372
365
480
301
475
402
457
393
490
413
318
326
386
401
351
454
447
322
481
412
353
435
440
453
505
443
325
408
370
487
438
302
359
404
381
350
416
374
408
375
484
341
432
404
330
327
437
421
351
392
459
359
397
390
386
418
341
385
296
365
344
481
528
484
495
404
279
422
367
374
463
352
348
357
411
318
394
437
493
403
430
436
491
413
354
435
448
340
374
461
390
545
412
454
371
512
431
340
245
341
342
287
338
330
340
242
254
268
303
260
311
283
296
312
295
314
312
316
357
314
298
303
298
278
344
288
295
345
371
381
376
271
400
344
354
448
339
328
344
407
436
453
345
426
428
453
313
338
380
374
375
440
340
405
429
346
305
382
505
447
360
447
449
296
393
294
330
522
506
427
383
445
456
434
412
444
515
423
499
540
407
342
442
472
482
517
350
404
333
479
388
282
342
413
323
391
325
344
410
415
260
397
341
334
415
324
353
444
309
298
338
372
353
369
391
265
265
379
400
269
291
276
330
269
423
468
454
467
344
399
362
485
297
467
406
496
429
278
313
344
373
358
266
454
433
331
355
386
502
451
351
357
267
381
440
378
365
365
339
285
311
396
467
318
429
284
369
406
364
382
434
442
462
495
260
266
443
460
455
471
423
408
515
424
399
362
387
416
479
295
404
453
424
497
501
389
354
407
318
446
505
445
430
454
362
315
409
298
416
268
435
294
425
423
509
409
409
381
322
353
378
290
434
346
526
252
394
382
421
495
411
369
475
513
427
241
479
357
359
462
494
415
308
383
259
369
318
436
430
353
356
377
403
414
422
458
566
354
541
478
410
460
351
433
208
385
388
390
444
448
373
426
403
379
496
328
407
430
445
396
371
383
385
433
441
376
386
533
407
404
450
389
441
393
429
409
477
463
435
478
440
408
426
360
427
393
390
437
464
335
485
469
335
454
489
411
314
404
336
338
372
422
466
430
479
415
453
429
458
463
413
469
482
414
431
388
449
434
389
489
537
412
465
301
357
488
463
481
449
367
338
447
466
454
519
474
568
429
435
450
559
363
318
375
414
501
386
326
350
320
405
359
493
383
422
312
353
366
403
330
380
328
400
367
505
464
409
367
385
380
471
360
466
272
332
475
329
317
414
384
292
318
296
403
475
429
479
503
346
279
399
424
419
474
292
409
318
476
345
425
301
428
308
378
334
274
415
465
294
264
451
461
447
370
308
415
395
402
420
353
402
270
405
379
314
405
408
483
254
411
449
499
508
442
410
402
455
396
348
417
299
321
352
311
389
515
485
323
427
381
388
408
339
372
472
384
358
429
462
389
474
399
402
408
404
436
360
456
444
357
496
414
421
382
434
400
309
418
352
417
332
429
262
360
479
369
327
383
432
481
416
398
371
330
319
278
503
465
421
382
380
375
401
318
421
357
397
422
387
273
430
451
445
311
310
465
300
471
299
504
430
340
417
387
479
337
371
357
407
407
444
290
476
346
280
425
371
432
376
326
388
440
441
362
525
311
352
314
325
469
454
392
405
340
374
440
357
341
432
374
400
397
392
377
512
391
430
284
566
302
331
394
314
315
298
363
470
287
404
438
520
410
367
344
483
516
304
421
379
404
390
504
388
453
372
327
277
398
421
367
353
393
431
506
345
360
372
398
413
283
458
471
421
385
426
416
406
405
331
323
451
586
506
351
447
254
416
403
373
258
323
443
414
459
358
389
294
287
384
420
270
408
311
444
359
260
279
331
469
453
281
327
388
462
340
479
436
406
384
325
378
446
283
377
488
414
408
391
388
330
411
455
358
272
323
346
379
359
421
377
427
521
291
361
494
414
337
408
439
331
349
468
417
532
379
350
450
333
377
482
447
425
363
430
483
595
282
291
410
378
388
289
331
410
404
458
469
374
418
400
399
405
374
386
390
458
363
374
300
303
437
311
437
398
571
468
328
315
476
465
467
418
357
343
331
310
431
451
320
429
360
296
320
426
404
486
418
368
312
311
473
385
392
296
403
295
403
390
279
314
450
391
474
384
364
268
393
381
370
414
373
411
426
500
487
335
348
272
468
365
418
314
364
490
394
513
286
362
441
366
312
333
452
394
440
356
511
409
473
376
374
382
289
325
469
409
371
409
490
481
382
477
368
305
517
502
545
416
461
395
294
344
440
497
460
401
477
418
415
513
399
476
361
521
366
331
395
533
466
290
403
413
416
491
316
360
365
390
436
440
431
413
392
442
302
500
472
313
314
401
340
509
513
449
399
276
424
388
503
388
357
341
404
411
433
420
401
446
426
440
531
453
462
396
443
406
357
464
475
413
550
446
297
481
454
415
419
355
393
378
313
316
453
496
456
488
454
370
421
364
430
374
324
401
354
399
319
401
494
414
371
398
465
421
430
341
427
341
491
362
419
339
572
389
484
339
291
401
424
462
414
438
468
395
504
402
381
291
484
463
418
434
523
369
451
422
465
464
512
426
385
460
497
428
447
465
400
439
357
340
324
347
319
487
497
402
435
328
369
413
467
357
403
388
428
480
423
528
487
568
360
498
393
352
470
392
414
460
395
470
526
504
486
425
368
428
452
516
392
439
393
403
358
349
305
391
498
474
298
391
490
494
460
307
390
435
469
389
411
345
436
515
451
423
411
482
433
488
392
507
343
436
425
314
460
405
424
481
446
471
456
527
413
449
484
467
312
350
341
400
496
496
448
388
427
323
449
353
401
463
351
437
360
426
501
521
519
436
450
458
455
475
367
463
362
452
452
304
370
488
426
438
394
406
446
426
408
441
490
377
408
395
483
428
425
440
444
359
433
506
409
471
432
321
440
427
385
328
464
498
460
448
438
408
392
462
456
435
433
395
466
453
373
431
413
428
354
356
460
535
310
323
331
380
422
383
463
372
333
277
302
501
462
273
411
416
550
461
382
456
392
498
501
479
394
413
480
369
356
338
341
387
407
439
413
385
413
465
421
373
366
395
322
375
466
456
376
390
352
482
424
463
498
403
318
498
461
371
417
288
441
365
461
458
493
436
373
439
429
472
508
322
428
383
423
488
373
544
402
470
260
531
430
263
364
468
454
421
498
381
377
448
373
357
401
461
360
472
478
552
411
432
361
393
363
417
437
516
487
342
533
514
495
421
503
431
491
361
465
428
374
482
548
368
534
405
412
361
481
438
457
498
498
369
444
531
478
437
460
434
419
479
299
376
412
496
468
373
495
431
334
467
425
354
506
454
433
492
476
403
399
469
384
386
449
462
429
416
509
523
350
445
371
318
544
404
417
380
351
372
461
399
386
430
398
428
414
325
385
445
419
428
424
340
394
442
439
476
403
445
464
406
490
511
393
456
455
435
423
391
406
338
415
354
496
330
288
393
370
439
477
422
322
374
416
369
495
497
509
365
306
450
412
440
463
494
381
377
422
493
418
463
367
432
355
311
242
334
412
386
372
364
375
392
374
339
238
460
368
392
353
372
402
371
404
305
377
446
421
389
420
391
335
476
316
409
431
422
302
382
494
420
381
353
361
449
416
423
399
400
394
488
471
354
414
449
438
335
415
330
365
332
425
287
444
326
298
254
465
438
330
489
476
512
348
406
409
326
435
481
440
358
253
344
386
452
331
384
429
358
381
504
307
425
319
527
342
430
443
235
321
364
393
383
313
411
420
394
275
393
430
365
354
424
405
403
402
433
316
420
346
464
444
394
551
424
363
442
415
407
484
331
318
443
420
364
393
367
481
431
435
465
545
359
438
411
489
434
403
451
445
346
333
341
429
496
551
398
413
390
399
346
296
386
309
487
437
461
347
391
291
292
418
316
384
366
396
386
379
344
395
463
401
471
500
359
406
427
410
397
457
505
446
369
434
330
475
337
425
481
446
368
525
293
379
435
352
404
487
449
546
517
530
384
458
411
367
358
371
436
365
404
335
406
383
423
470
532
494
456
422
403
435
415
328
403
413
331
494
515
299
413
465
409
479
459
424
414
414
415
486
423
419
291
450
351
281
424
358
407
298
302
379
407
304
357
467
364
328
312
391
439
392
362
376
253
421
369
384
277
372
383
248
396
337
383
330
321
349
296
404
411
243
300
297
503
420
322
410
270
325
300
371
332
293
399
390
275
373
443
360
364
402
459
374
299
368
319
446
350
319
323
366
339
470
432
437
279
258
333
318
411
251
457
384
248
308
392
401
264
384
346
262
296
314
268
417
368
464
481
304
349
305
387
447
289
388
523
367
514
416
471
378
328
389
376
351
381
392
369
394
454
514
399
428
345
283
287
327
448
333
408
463
461
458
469
456
309
392
416
520
351
309
506
446
291
333
482
401
366
380
437
354
486
