2706
2803
2350
1702
2556
2787
2957
1668
2991
2580
3031
2422
2628
2800
2726
2381
2720
2951
2670
2780
1950
2551
2026
2455
2627
2437
2659
2515
2475
1300
2375
2765
2532
1991
2721
2770
3084
2186
2502
2190
2564
1632
2702
2803
2096
2323
2082
2797
2157
2062
2424
2219
2580
2495
996
1473
2658
2762
2418
1065
2705
1910
1068
1984
1610
2244
1643
1845
1978
2570
1157
1615
2760
2414
2733
2310
2220
2468
2581
1374
2284
2722
2680
2204
2761
1304
1659
1290
1767
1912
1365
1652
2338
2064
1196
2449
2745
2241
1403
2223
2394
1878
2643
1992
1937
2205
1710
1485
1058
2030
1625
2690
1284
2438
1814
2870
1033
2943
2596
1075
2528
2240
2498
1852
2167
2392
2924
2458
2416
1921
2860
2277
2929
2638
1480
2730
2631
2570
2293
2593
2935
1440
2716
1890
2134
2034
2598
2345
2354
2248
3006
881
1803
2464
2519
2796
2586
2906
2935
2770
2668
2672
3017
2771
2336
2121
2511
2501
2295
2395
2516
2644
2975
2509
2123
2452
2737
2790
2711
2896
2268
2711
2509
2652
2395
1186
1905
2799
2271
2224
1620
2697
3088
2400
2793
2704
2794
2679
1149
3007
2434
2269
2817
2086
2166
2373
1810
2475
1964
1697
2920
1917
1931
2588
2823
1974
2813
2829
2880
2572
2679
2908
2773
2992
2519
2912
2767
2729
2568
2445
1730
2436
1617
2681
2462
2180
2062
2354
2837
2810
2105
2710
3092
2423
2892
2677
2942
2207
2992
2981
2830
2933
2674
2041
3153
2698
2663
2931
2451
2748
2574
2616
3208
1658
2355
1387
2319
2308
2863
1772
2844
2316
2622
2294
3112
2177
2540
2834
2968
2554
2303
2640
2879
2817
2533
3038
2279
2626
1886
2790
2460
2608
2418
2899
2557
3073
2809
2657
2955
2600
2889
1883
2719
2658
2968
2900
2736
3099
2699
2746
2899
3129
3048
2787
2305
2725
2496
2794
2545
2841
3069
2912
2839
2843
2947
3076
2663
2219
2357
2310
2191
2645
2930
2754
2931
2745
2591
2497
3046
2417
2583
2803
2652
2800
2706
2838
2265
2334
2739
2632
2556
2619
2745
2442
2781
2650
2666
2742
2730
2853
2214
2922
2851
2184
2665
2264
2824
2438
2601
2887
2953
2971
2475
2502
2189
2926
2623
2311
2430
2941
2625
2894
2540
3002
2500
2765
2814
2783
2796
2694
3138
2687
2935
2363
2251
2804
2567
2877
2607
2317
2742
2946
3093
2909
2426
2830
2571
2682
2589
2378
2547
2499
2563
2749
2795
2944
2277
2799
2914
2658
2471
2310
2345
2504
2893
2750
2363
2724
2693
2636
2506
2639
2642
2919
2881
2653
2428
2433
2770
2691
2282
2607
2157
2547
2827
2691
2926
2585
2522
1613
2740
2590
3085
3029
2996
2600
2578
2330
2290
2866
2934
2534
1386
2003
1877
2622
2758
2794
2066
2394
2457
2274
2433
2137
2609
1915
2060
2310
935
2357
866
2063
2099
2528
1888
1506
2340
2079
2518
3007
1980
2236
1942
1014
2212
2152
1699
2956
1196
2712
2601
2666
1857
2600
2221
2312
2580
2157
2673
1751
1926
2788
3281
2495
1042
2723
2566
1177
1341
2332
2034
1133
2144
2548
1623
2661
1740
1200
3072
2577
2139
2397
825
2208
2349
2181
2571
2598
2336
2925
2485
2554
2903
2047
2507
2618
2573
2971
2715
2548
1839
3172
2201
2840
2355
2146
2678
1770
2805
2385
2561
2557
3060
3079
2047
3037
2698
2158
3227
1265
2382
2402
2569
2863
2662
3117
2459
2082
2652
1644
2667
2094
2321
2467
2825
2023
2878
2532
2984
2320
2347
2350
1412
1887
1852
1937
2676
1970
2388
2955
2191
2969
2703
2185
2910
2923
2772
1926
1955
2690
2977
2611
2748
2752
2724
2333
2789
2987
2422
1932
2946
2103
1405
1275
1548
1137
1173
1693
1050
1039
973
905
1081
965
1130
1073
1072
1900
1711
1309
1449
2111
1471
1954
2413
2261
2531
2744
2425
2232
2112
1434
895
1684
1192
2504
1814
2456
1018
2052
1290
2727
1105
1700
2573
2218
2925
1711
1684
2514
2315
1573
1850
2244
1809
2216
2585
1658
1179
2417
2574
1988
2161
1794
1314
2644
1230
2109
2454
1738
2413
1812
1897
2747
1628
1556
2053
1063
1532
1024
1492
2605
2052
2828
1935
2258
1992
2196
2043
1721
2437
2959
2942
2627
2636
2951
2049
3006
2889
2639
2666
2218
2752
2551
2149
1756
2449
2371
2765
2789
3049
2620
1651
897
2488
2765
2575
2792
2513
2445
2024
2574
2100
2272
2646
1756
1640
3059
2931
1700
2696
2475
2434
2219
2391
1887
2265
2162
1770
2020
2857
1617
2103
2772
1531
1333
1832
2147
1736
1947
2546
2574
2833
2857
824
2842
1590
1651
2711
2281
3122
1919
2585
2102
2088
1327
2541
2705
2407
2583
1769
2778
3005
2702
1945
2511
1745
1393
1270
2297
1955
2017
2470
2189
2272
1770
995
1554
2066
1598
2300
2208
1600
2740
1487
1581
2488
1941
1754
2398
1467
1881
2489
2788
2946
2615
2779
2632
2487
2517
2676
2072
2212
2701
2772
2341
2747
2460
2732
2789
2654
3054
2704
2608
2902
2946
2827
2739
2586
2554
2727
2466
2547
1992
2684
2261
1806
2555
2726
2596
2773
2954
2597
2255
2596
2652
2682
2479
2726
2225
3002
2580
2503
2757
1676
2433
2389
2866
2319
2671
2665
2559
1727
2206
2784
2655
2777
2967
2931
2672
2415
2260
2824
2361
2716
2413
2646
2539
2541
2805
3022
2784
2285
2293
2654
2574
3012
2416
2780
2604
2804
2883
2959
2344
2962
2233
2888
1897
2646
2405
2681
2883
2265
2797
2682
2168
1828
2197
2463
2635
3059
2393
2296
2307
2804
2071
2805
3119
2399
2430
2852
2871
2351
2596
2086
1523
2729
2417
2812
2814
2390
2314
2654
2801
2175
2165
2547
2630
2954
2764
2424
2426
2427
2790
2804
2347
2265
2818
2345
2364
2530
2448
1821
2425
1676
2544
1869
2866
1872
1731
2641
2858
2627
2287
2760
2651
2721
2370
2274
2492
2403
3311
2638
2668
2110
2288
2447
1945
2208
2858
2867
2646
2679
2640
2261
2774
2464
2136
2231
1929
2017
1924
2458
2114
2602
2058
2453
2085
2576
2490
2507
3231
2824
2456
2576
2464
2129
2760
2771
2857
1925
1925
2358
2806
2568
2929
3244
3221
2006
1765
2498
2512
2618
2732
2480
3057
2165
1869
2192
2575
2511
2328
2498
2486
2708
1419
2763
2335
2519
2264
2814
2341
2248
2572
2607
2444
1990
2647
2127
1570
2046
2281
2545
2746
2799
2529
2922
2167
2148
2462
2478
2949
1952
2535
2189
2386
2877
2368
2617
2842
2595
1875
2287
1957
2542
2605
2846
1959
2051
2043
2633
2363
2071
2515
2031
2330
2563
2600
2599
2112
2808
1710
2382
2047
2635
2554
2623
1577
2718
2788
2457
2159
2251
2372
1902
2738
2369
2757
2895
2306
2634
2050
2754
2052
2426
3066
2116
2471
2310
1942
2789
2817
2837
2316
2579
2784
2537
2781
2581
2617
1947
2672
2465
1938
2590
2609
2849
2639
2155
2640
2350
2201
2354
3083
2091
2190
2775
2159
2756
2745
2645
2476
2412
2567
2759
2434
2259
2538
2806
2652
2631
2258
2617
2545
2381
2496
2612
2787
2576
2801
2449
3219
2612
2199
1723
1806
2178
2372
2949
1709
1999
2394
2471
2714
1613
2933
2168
3041
1318
2299
2343
2488
2816
2531
2144
2256
2140
2019
2815
2513
2065
1954
3068
2422
2565
2979
2166
2432
2796
2722
1484
2582
2376
2352
2913
2602
2941
2653
2715
2703
2563
1962
2698
2618
1640
1903
2725
2913
2429
2824
2845
2437
1933
2345
2866
2581
2193
2910
2022
2718
1569
2199
1985
2295
2343
2680
2713
1970
1478
2751
1884
2444
2381
2824
2364
1572
2953
2214
2937
2390
2666
2474
2835
2781
2603
2690
2739
2216
2815
3277
2665
2294
2122
2716
2315
2287
2629
2662
2551
3073
2714
2851
2721
2751
2601
2211
2367
2670
1946
2881
1872
2418
2185
3028
2744
2607
1761
2987
2209
1987
2723
2449
2875
2289
2639
2421
2816
2669
2350
2494
2898
2682
1480
2417
2311
2591
2445
1927
1629
2408
1687
2434
2924
2503
2767
2613
2767
2662
1526
2345
2302
2664
2583
2151
2257
2852
2535
2576
2385
2813
2799
2090
2485
2041
2890
2022
2083
2740
2671
2744
2529
2060
2161
1352
2840
2674
2182
2584
2394
2585
2477
1275
2600
2645
2912
2986
2536
2780
2472
1993
2687
2669
2181
2604
2459
1680
2080
2210
767
1954
1721
2050
1437
1928
1913
1944
2691
2224
2986
2534
1854
2586
2265
1981
1520
2354
2790
3068
2260
2281
1886
2414
2183
2301
1626
2277
1748
1349
1312
2838
2649
2405
2571
2320
2659
1118
1521
1610
2607
1580
2514
2850
2602
1521
2622
2212
2098
1641
1639
1610
1965
2410
2794
2120
2644
2016
2597
2006
1914
2714
2174
2636
1697
2435
2813
2521
1903
3186
1651
3063
2396
1483
2418
2794
2326
1547
1651
2751
1232
2725
2872
2262
2314
2499
2592
1476
1570
2803
2655
2685
2656
2749
2405
1130
2040
2428
2074
2719
1841
2776
2202
1339
2471
2519
2533
2923
2809
2909
2612
2403
1554
2666
2575
1899
1679
2404
2151
2049
2751
2586
2422
2703
1455
2150
2336
2683
1417
2588
2836
2893
2675
1209
3126
2613
2093
2831
2777
2810
2262
2459
2515
2488
2347
2563
2660
2189
2837
2475
2828
3009
2004
3021
3014
1778
1885
2600
2592
2627
2856
2677
2828
2587
2236
2081
2467
2475
2539
2506
2486
2508
3111
2914
2826
2579
2166
2842
2064
2253
2845
2619
3139
2831
2735
2855
2727
2871
2533
2577
2222
2861
2782
2812
1421
2866
1953
2528
2600
2522
2797
1894
2748
2512
2092
2115
2901
2995
1902
2750
2472
2132
1627
2512
3004
2846
1793
2532
2616
2167
3159
2262
2819
2518
2892
2983
2437
2484
2623
2460
2374
2577
2216
2746
2774
2524
2447
2308
2386
1700
2842
2229
2792
2268
3026
1726
2593
2339
2562
2773
2686
2900
2673
2638
2593
2342
2605
1744
922
3384
2375
2766
2203
3011
2726
2728
3051
2921
2736
2837
2574
1917
2178
2428
2968
2725
2754
2288
2504
2458
2978
2625
2231
2203
2302
2584
3059
2715
2013
2028
2770
2910
2625
3055
2664
2889
2890
3085
2682
2774
2922
2432
2807
2676
2741
2686
2467
2051
2639
2159
2717
2924
2694
2748
2114
2408
2541
2883
2746
3001
2901
3060
2718
2791
2743
2593
2753
2692
2493
2160
2612
2531
2911
2850
2809
2485
2727
1749
1454
2595
2601
2703
2577
2775
2513
2537
2954
2637
2792
2571
2612
2592
2717
2456
2406
2917
2316
2940
1226
2634
2834
2109
3222
2434
2226
2644
2947
2616
2759
2898
2204
2441
2673
2835
2404
2815
2590
2589
2148
2827
2180
2358
2665
2703
2315
2645
2375
1315
2143
2273
2369
2243
2742
2653
2901
2663
1404
2699
2803
2619
1668
2548
2286
1988
2496
2566
2497
2875
2305
2552
2698
1276
2759
2321
2261
3203
2512
1951
2580
3006
3081
3038
2950
2757
2813
2722
2738
2730
3033
2697
2922
2746
2783
2431
2441
2768
2524
2794
2798
2651
2935
1091
2321
2882
2528
2776
2434
2815
1322
2664
2883
2669
2861
2744
2047
2822
2754
2466
2662
2930
2602
2477
2501
2173
1249
2714
1733
1306
2182
2438
2505
2219
2515
1889
1843
2210
1252
1725
1856
2013
1628
1641
2256
2737
2433
1445
2804
1495
2685
2143
2928
2720
2856
2376
2667
2707
2445
2379
2673
2766
2556
2647
2775
1271
1668
2814
2422
2301
2358
1261
2188
2940
2614
1463
2609
1811
2652
2730
2396
1168
1484
1984
2914
1523
1671
1244
1136
2139
1829
2275
2615
2531
1711
2370
2907
2179
2193
2291
2357
2637
1561
2418
2080
2797
1668
2359
2467
2094
2031
1630
942
2658
1552
1142
2045
2696
1284
1212
2672
2532
2605
1903
1683
1322
1031
1013
1003
2635
2436
2660
2690
1746
1528
1264
2725
2227
2482
1362
2574
1521
1679
1259
2342
2185
2213
2928
2034
2733
2374
2667
2791
2635
2534
1932
2130
2017
2586
2819
2704
2689
2053
2493
2573
2036
2269
2719
2642
2874
3134
2326
2232
2620
2377
2636
2613
2333
2135
2212
2386
2851
2594
2463
2656
2513
2883
2547
2749
2741
1744
1905
2519
2701
2461
2642
2523
2153
2155
2112
2288
2817
2911
2866
2871
2622
3162
2846
2337
2908
2473
1526
2803
2882
2710
2329
2526
2453
2207
2346
2583
2710
2547
2419
1589
2085
2768
1437
2190
2218
2402
2518
2553
2323
2454
2160
2605
3119
2645
2593
2721
2837
2881
2360
2963
2234
1990
1808
2610
2829
1804
2812
2636
2066
2572
1374
2635
2224
2288
2778
2528
2709
2896
2562
2968
2476
2800
2805
1379
2985
1520
2415
2768
2938
2817
2358
2806
1956
2225
1384
2057
1507
2656
933
1855
1420
2598
2051
1507
1170
2481
2323
2570
2421
2684
2203
2643
2242
2701
2692
2523
2636
2348
2543
2694
2796
2665
2763
2880
2537
2442
2224
2503
2414
2654
2848
2770
2464
2653
2448
2645
2887
2858
3043
2539
1346
2505
1335
2380
2583
2085
2417
2533
2700
2717
2717
1183
3059
1989
2145
2562
2430
2398
2533
2598
2870
2647
2214
2446
2419
2340
1804
3036
1646
2614
2757
1835
2744
2498
2632
2730
2673
2556
2649
2820
2749
2221
2446
1382
2964
2124
2816
2084
2647
2678
2267
2412
2337
1948
2619
1802
2854
2587
2550
2387
2050
1922
2667
2487
2805
2816
1954
1992
1987
2574
2191
2682
1686
2269
3270
2616
2776
2521
2595
2176
2718
2698
2169
3123
2481
1956
1778
2799
2084
2411
1562
1733
1229
2344
2689
2706
2679
2658
2435
2551
2482
2722
2397
2415
2764
2195
2969
2858
2915
2965
2626
1922
2378
2149
2549
2359
2772
2075
2338
2862
2912
2802
2753
2822
2740
2158
2280
2634
3120
2587
2702
2072
2452
2143
3092
2317
2718
3016
2696
3014
2680
1779
2358
3076
2469
2331
2460
3066
2476
2384
2992
2666
1666
2133
1480
2858
2300
2452
2900
2310
2866
1835
2742
2678
2966
2771
2349
2651
2237
2712
2625
3146
2900
2721
2298
2390
2439
2631
1546
2307
2388
2256
2779
2664
1703
2519
2671
2659
2139
2759
2490
2728
2790
2692
2450
2555
2379
2443
2539
2377
2724
2080
1963
2230
2229
2755
2203
2676
2435
2749
2953
2552
2534
2434
2128
3057
2828
1921
2861
1776
2630
2614
2264
2663
2490
2567
2431
2309
2635
2566
2705
2476
1564
966
2953
2784
3430
2685
1886
2213
2252
2385
2861
3003
2852
2100
2690
1830
2798
2997
3149
2593
2509
1037
2514
3114
2626
2020
2477
2379
2899
2596
2726
2568
3195
3074
2806
2851
2172
2084
2568
2527
2751
2204
2350
2561
2619
2152
2394
2357
2503
2091
2459
2335
2390
2657
2071
2481
2720
2865
2252
2579
2356
2384
2463
2415
2971
2325
2256
1777
3122
2521
2935
2749
2052
1142
2406
2565
2430
1780
2613
2760
2007
2274
1837
2958
2286
2839
3079
2637
1846
2364
2944
2265
2811
2331
1403
2979
2883
2838
2703
2817
2460
2338
2962
2657
2421
2373
1644
2496
2694
2689
2583
2060
2443
2191
3081
2631
2020
2275
2486
2363
2542
2726
1654
2212
2693
2278
1436
3022
2861
1698
2903
1926
2709
2636
2620
2600
2710
2970
1820
2228
2795
2852
2306
2784
2440
1755
2781
2002
2440
1959
2249
2380
2444
2633
2463
2662
1500
2599
2617
2503
2887
2081
2562
2631
2640
2406
2453
2442
2338
2433
2144
2654
2402
2220
2027
2758
2157
2359
2769
2323
2206
2705
1753
2705
2737
2176
2793
2410
1943
2457
2645
2463
2567
2767
1482
1768
3078
2697
1950
2438
2962
1659
2774
2516
2351
2673
2341
2469
2667
1763
2308
2368
2709
2599
2551
2367
2244
3033
2847
2406
2308
2037
2729
2414
2411
2609
2115
2712
2632
2387
1940
2851
2765
1967
2663
2836
2416
2852
2505
2224
2892
2519
2422
2132
2407
2692
2220
1789
2683
2553
2604
2674
2530
1739
1971
2610
2739
2724
1823
2536
1988
2274
1968
2185
2684
3090
2507
1363
2216
2015
2581
1906
2321
2682
2283
2870
2348
2648
2895
2974
2750
2449
2600
2233
2470
2451
2718
2665
2530
3092
2505
2682
2647
2673
2660
2851
2751
2593
2279
2812
2737
2016
2237
2176
2656
2434
2690
3158
2378
2835
2978
2119
2828
2642
1928
2335
2586
2373
3222
3020
2204
1946
2489
2498
1896
2471
2674
2806
2901
2675
1688
2570
2548
1787
2433
2448
2312
2877
2441
2312
2603
2292
2701
2566
2641
2505
2728
2841
2821
1940
2159
2044
2603
2662
2524
1914
2328
2929
2828
2312
2683
2670
2717
1772
2463
2798
2661
2077
2653
2699
2506
1753
2826
3073
2356
3048
2318
2174
2484
2089
2661
2824
2038
2506
2409
2899
1536
2641
2174
2665
2458
2615
2395
2743
2671
2982
2770
2785
2351
2622
1785
1756
1782
1646
1415
2551
2309
1458
1878
2393
1701
2432
2316
2673
2078
2093
2558
2925
2559
1711
2710
2130
2311
2489
3011
1749
2784
2415
2064
2473
1804
2215
2379
2006
2712
2822
2104
2329
2052
2478
2867
2511
1888
2251
2689
2269
2453
2010
2533
2250
2296
2656
2482
2141
2489
1817
2673
2582
2953
2947
2478
2501
2559
2279
2796
2240
2847
2931
2422
2707
2178
2081
2418
2281
2524
2694
2481
2608
2348
2228
2252
2369
2494
2055
2500
2690
2924
3029
2874
2894
1871
2253
1242
2421
1814
2242
2807
1390
2937
1647
2267
2339
2502
2698
1935
2667
2151
2112
2683
1837
2558
2769
2130
2630
1286
2638
1953
2363
2377
2094
2826
2451
2989
2788
1638
2491
2297
2509
3018
2437
1964
1425
1831
2668
2295
2819
2170
2365
2780
2199
2651
2021
2804
2639
2664
2531
2547
2468
2003
1783
2660
2857
2092
2051
2392
2194
2404
2054
1621
2747
3006
2789
2854
2307
2578
2470
1537
2875
2112
2969
2709
2461
2643
2843
2516
3180
2409
2285
1953
2752
2129
2216
1827
2294
2792
2810
2330
2352
2310
2985
2228
2811
1842
2511
1946
2750
1945
1688
2045
1985
1923
2141
2651
2125
2347
2485
2601
2875
2234
2393
1809
2276
2014
2798
2443
1501
2652
2527
1847
2933
2700
2500
1960
2549
2958
2868
1954
2106
2369
1623
2431
2264
2710
2179
1492
1966
2521
2970
2526
1871
1907
1851
2545
2039
1360
1948
3061
1194
2373
2188
2685
2899
2715
2274
2706
2575
2450
2474
3383
2441
2420
2812
2386
2813
2255
2769
2656
2399
2802
3226
2814
2648
2370
2778
2197
2379
2756
2531
2864
2376
2417
2654
3260
2451
2319
2662
1572
2892
2741
2533
2289
2298
2359
2687
2364
2845
2890
2614
2412
2737
2833
2486
2824
2830
2073
2667
2941
1820
2673
1749
2335
2800
2874
2212
2088
2847
2381
1709
3077
1933
2136
2224
1834
2033
2291
2457
2084
2788
2751
2970
2639
2530
2729
2626
1775
2626
3363
2664
2096
2560
1883
2678
2758
2912
2033
2286
2682
2022
2656
2641
2858
2878
2533
2894
2666
2865
2668
2319
2889
2448
2347
2935
2238
2132
2500
2365
2194
2442
2177
2297
1815
3109
2530
2522
2207
2519
1852
1543
2470
2470
2935
2810
2383
2120
2168
2829
2324
2321
2366
2622
2734
1929
2947
2139
2403
2323
1947
2688
1900
2170
2824
2483
2420
2603
2558
2546
1635
2264
2257
1797
812
1507
1482
1699
1069
1039
1195
1878
1511
1534
1464
2238
1129
1241
1919
1203
1461
1577
1515
2296
1859
1193
1734
2620
1761
1946
2398
2542
2016
1348
1509
2376
1529
2055
2081
854
2582
2088
1894
2508
2159
1555
1353
2786
1591
1750
1350
2160
1652
1827
3005
2083
2401
1856
2056
2272
2350
2613
2860
2775
1783
1512
1974
1716
2925
2679
2325
2976
1390
2420
2152
2676
2844
2614
1702
2408
2445
2344
2509
2381
2360
2585
1973
3186
1948
2820
2373
1787
2169
1342
1819
2050
2146
1711
1212
2719
2435
3076
2331
2835
2664
1582
2156
2791
2483
2298
1250
1545
1613
1543
2980
2307
2418
2808
2206
2594
2274
1174
2676
2487
2814
2688
2010
2774
1936
2464
1887
2684
2473
1561
1901
1359
2470
2093
2354
2514
1769
2319
2829
2725
2252
1318
2845
1895
2324
2855
2540
2287
2300
2935
1950
1854
2494
2797
2546
3296
2495
2862
2768
2765
2946
2439
2847
2637
2682
2674
2602
2925
2737
2343
2856
2717
2695
2755
2450
2196
2249
2565
1960
2981
2769
3318
2894
2716
2871
2355
2648
2387
2042
2533
2833
2561
2156
2802
2298
2934
2600
2338
2676
2771
2422
2993
2442
2533
2700
2822
2760
3043
2475
2545
2431
2529
1899
2498
2644
2775
2449
2908
2426
2293
3027
2574
1909
1885
2489
3090
2144
2612
3008
2742
2579
2293
2479
2849
1939
2690
1852
2796
2455
2631
2492
2910
2444
2868
3134
2877
2662
2632
2429
2136
2538
2917
2449
2626
2174
2667
2823
2677
2931
2635
2739
2758
2553
2792
2618
2460
2675
2274
3029
2623
3008
2444
2838
2831
2900
2564
2793
2640
2612
2752
2851
2716
2897
2894
2686
2566
2722
3034
2710
2801
2891
2427
2907
2719
2344
2998
2626
2590
2596
3062
3008
3079
1974
1855
2533
2433
1092
2693
2512
1898
2860
2275
2553
2606
2325
2498
2050
2690
2027
2744
2180
1901
1978
1861
2073
1885
2893
1940
1960
2306
2183
2459
2983
1832
2078
1654
2926
2588
1958
2421
2799
2948
2707
2568
2868
2951
2531
1695
2650
1262
2755
2562
1738
2458
2065
2942
3028
2115
1616
2016
1539
2652
1673
2343
2845
2717
2431
2689
2563
1877
2024
1493
2450
2506
1979
1983
2105
2249
2811
1830
2911
1932
2003
2847
1832
3069
2104
2601
2517
2826
1919
1761
2692
2382
2081
1335
2164
2516
2376
2765
1927
2834
2596
1837
2493
2326
2465
2690
3076
2465
2504
2216
1699
1513
2536
1565
2298
1526
2137
2718
1619
2367
2428
2753
2316
2556
2042
2628
1740
2778
1770
2929
1838
2235
2607
2129
2685
2930
2853
2661
1775
2055
1931
2347
2817
2505
2730
2623
2661
2980
2331
2309
2543
2973
1580
1540
2820
2800
1492
2420
2485
1513
2049
1680
2034
2340
2291
2857
2434
2006
1631
1583
2354
1443
1947
2169
2582
2645
2230
1920
2002
2025
2683
2470
2125
2449
2253
2782
2954
2672
2383
2825
2596
2214
2241
2868
2289
2102
1816
1337
2830
1368
2803
2681
1890
2762
1689
2771
2439
2718
1359
2499
2399
2326
1840
891
2865
1678
2193
1318
2535
3099
1200
1602
2177
2809
2539
2857
2317
2424
2583
2928
3162
2298
2691
2849
3055
2151
2856
1895
2859
2627
1964
1876
2657
2896
1421
2619
2474
2520
2658
2345
2597
1959
1843
3018
1741
2984
3094
2324
1830
2380
2078
2352
3108
2765
1570
1909
2244
2864
2512
2766
2933
1563
2880
2889
3103
2912
2681
2301
2960
2268
2430
2481
2750
2670
2780
1843
2773
2582
2330
2191
2958
2429
1886
2114
1355
2764
1085
2379
959
886
2326
1776
1672
1924
2547
2103
2098
2065
2513
2783
2148
2024
1932
2033
1226
1821
1799
2254
1117
2254
2174
2557
2151
1984
2975
1784
1636
2851
1698
933
1668
1870
1120
2862
867
2740
1966
1341
1582
1649
2420
1247
2411
1881
1192
1217
2793
1056
1032
1803
2424
1521
2788
2741
1512
846
2492
2475
2719
1556
2768
1677
1290
2453
2917
2405
2783
1902
1951
2676
2199
1679
960
2421
2359
2039
2165
1668
1953
1971
2069
2741
2476
2510
2609
2634
2455
2638
2351
2664
2357
1981
2550
2227
2475
2289
2271
2532
1465
2718
2743
2468
1754
2110
1374
1331
2025
2487
1777
1875
2005
2243
2481
1230
2206
2185
2029
1450
2665
1304
1608
2475
1072
2391
2063
2539
2475
1098
2773
2858
2608
2712
2466
2663
2538
2414
2666
2434
2199
2484
2790
2741
2448
2131
1941
1518
2339
2295
2657
2704
2785
1566
2480
2723
2548
2773
2855
2195
2255
2756
2812
2699
2216
2550
2526
2773
3064
2666
2665
2535
2638
2805
2636
1921
2722
2938
2921
2544
2604
2210
2243
1550
2649
2990
2774
2899
2236
3092
2834
3089
1846
2075
2629
2662
2845
2372
2916
1708
2174
2689
2019
2149
2278
1690
1829
1467
2299
2000
2771
1385
1937
1989
2129
1731
1229
1917
1754
2528
2299
2544
1999
674
780
960
2531
2297
2914
972
1202
1638
1738
1552
2261
2575
2074
1786
2675
2150
2734
2134
1911
1142
2213
1579
2542
2725
1996
2295
1872
1836
2000
1808
1990
2264
1370
2434
1795
2297
1836
2752
1989
2105
2232
2501
2670
1843
2457
2402
2401
1975
1971
1689
1692
2883
1666
1563
1777
2911
1751
2593
1384
2361
2410
1867
2716
2688
1728
2197
2175
1599
1393
2814
2698
2284
1909
2660
2718
1852
2135
2423
2154
2587
2189
2537
2295
2365
2440
2809
1677
2370
2824
2091
2660
2748
1931
2658
2689
2657
2219
2237
2692
2829
2531
1646
2696
1956
2751
2661
2288
3032
3092
2686
2736
2187
2749
2818
2351
2764
2273
2747
2817
1546
1792
2605
2297
2828
2392
2739
2497
2608
2552
2485
2297
3171
2103
2790
2783
2775
2293
3191
2929
2826
2546
2801
1862
2318
2671
2567
2926
2922
2939
2587
2716
2766
3113
2948
2395
2542
2457
2950
2547
2747
2751
2658
3018
2510
2678
2948
2552
2674
2784
2781
2806
2766
2648
2975
2478
2291
2473
1435
2568
2322
2286
1103
1764
2496
1959
2567
2933
2643
3166
2288
3096
2786
1193
2655
3054
2060
1517
1913
1958
3258
2544
2138
2164
1379
2470
2788
2363
2674
2340
2602
2161
2667
2545
2671
1492
2731
2252
2775
1865
2706
2084
2571
2971
2498
2804
2688
2601
2553
2696
2216
2018
2806
2501
2720
2394
2284
2138
2304
2465
1290
2462
3024
1989
2351
2495
2325
1393
2413
1803
2664
2394
2791
1016
2432
2272
2526
1973
1261
1697
2506
1065
1041
2956
2390
2391
2479
2341
1341
2333
2634
2822
2716
1540
2740
2804
1593
2260
1859
2302
1776
2373
2513
1398
2172
2130
2214
2268
2568
2326
1951
2250
2681
2562
2633
2765
1909
2577
2676
2056
2903
1793
2264
2690
2567
2321
2004
2149
2508
2712
2850
2081
2742
1723
2401
2345
2563
2875
1954
2503
2626
2545
1656
2940
2351
2671
2894
2577
2174
2324
2557
2287
2930
2641
2512
2728
1804
2632
2113
1753
2330
2732
2768
1441
2777
2468
2770
2811
2653
2269
2178
2295
2746
2205
2656
1986
2731
2577
2143
2122
2813
2748
2787
2815
2623
2168
2921
2999
2763
1773
2600
2802
2965
2691
2507
2751
2587
1491
2641
2306
2216
2459
2001
2581
2068
2303
2589
2345
2629
2832
2921
2714
1977
2565
2500
2749
2548
2826
2006
2241
1888
2482
2894
2660
2456
2423
2390
2786
2570
2718
2541
2011
2624
2082
2183
1742
2048
3194
3015
2884
2053
2169
1905
2990
1980
2901
2827
2829
2234
2514
3172
2520
2759
1905
2321
2359
2734
2599
2986
2650
2177
2528
2588
2636
2707
1783
2365
2678
2557
2130
2435
2421
2696
1859
2444
2719
2129
1350
2391
2123
2076
2341
2577
2102
2717
2310
2547
2641
2352
2060
2128
2172
2151
2745
1941
1932
2388
2604
2365
1916
2773
2887
2129
2729
2324
1930
2526
2550
2637
2897
2369
2162
3013
2845
2662
2628
2729
3229
1885
2074
2129
2441
2268
2942
1975
2810
2943
2528
2595
2515
1813
2264
1982
2594
2911
1908
2859
2531
2652
2365
2527
2811
2327
2556
2413
2311
2477
1922
2838
2837
3008
2785
1905
2724
2517
2703
2188
2087
1889
2390
2305
2735
2645
2324
2918
2665
2621
2378
2055
2677
2777
2813
2039
2258
2603
2028
2416
2138
2542
2615
2499
2838
2618
2387
2018
1991
2910
2605
2559
2271
2581
2360
1914
2237
2627
3073
2847
1879
2303
2313
2702
1955
2569
2552
2416
2774
2786
2424
2768
1920
2610
2796
2892
2265
1799
2591
2595
2016
2843
2158
2700
2907
1945
2438
2552
1753
2656
2556
2125
2302
2715
2738
2924
2691
2698
2577
2581
2712
2845
2480
2466
2249
1547
3168
2569
2887
1350
2700
2636
2307
2630
2461
2182
1636
2106
2337
2763
2846
2852
2876
2733
2735
2721
2734
2522
2396
2639
2768
2621
2192
2529
1562
2570
2844
1739
2631
2674
1267
2469
2461
2633
2401
2096
2615
2531
2097
1677
2141
2658
2581
2232
2796
2786
2857
2371
2771
3322
2937
2764
2466
2805
2746
2502
2850
2641
2624
2395
3055
2518
2684
2647
2713
2641
2365
2305
2634
2805
2392
2855
2511
2363
1892
3167
2949
2610
2191
2664
2966
2494
2650
1967
2587
2401
2592
2578
2504
3009
2364
2708
2173
2381
2442
1924
2674
1909
2835
1452
2640
1711
1032
2673
2559
2859
2662
2414
2568
1887
2722
2870
2645
2649
2597
2440
2642
2472
2694
2883
2353
2529
2765
3006
1127
2993
3122
2723
2544
921
1757
2675
2010
2698
1992
2589
2044
2706
2512
3028
2659
2771
2503
2482
2582
1999
2410
2700
2416
2057
2307
2814
2045
2554
2771
1955
2608
2695
2315
2161
2721
2832
2512
2241
2430
2982
1767
2732
2519
3067
2565
2557
2427
2314
2704
2097
2663
2309
2159
2078
1980
2308
1952
2036
2830
2493
2332
2760
3129
3124
1962
2847
2608
2413
2335
3069
2960
2983
2441
2784
1964
2652
2617
2249
2868
2782
2845
2439
2533
2778
3005
2325
2762
2700
2324
2899
2514
3148
2510
2700
2468
2439
2635
2956
2416
2903
2892
2642
2409
2855
2628
2816
2467
2690
1665
2820
1847
2426
2465
2279
2416
2286
2768
2369
2527
2558
2142
2405
1868
2790
2539
2753
2604
2846
2821
2371
2488
2476
2520
2834
2620
2503
2397
3005
2127
2708
2739
2279
2099
2244
2120
2757
2532
1820
2783
2438
2471
2793
1833
2129
2276
2289
2777
2525
2362
2433
2106
2193
2636
2589
1493
2009
2308
1243
1438
1983
1700
2022
2649
2592
1714
2611
1878
2135
1711
2085
1673
1908
1914
1251
3149
2866
1565
2269
2372
2472
2477
2403
1116
2302
2728
2555
2271
2573
2387
2669
1826
2027
1787
2305
1462
2893
2321
2108
2756
2043
1249
2346
2569
1472
2606
2801
2761
2503
2553
2513
1411
1255
1238
2594
2557
2784
2007
2330
2188
2183
2577
2142
2814
2359
1742
2243
2491
2318
2217
2344
2564
2677
2121
1668
2067
2103
2017
2720
1044
2453
1191
2228
2168
2656
2796
2380
2560
1898
2463
2715
2706
1713
2048
2469
2079
2733
2679
2521
2564
1576
2170
2407
2132
2927
1998
2275
2341
2403
1998
2348
2038
3011
2720
2852
2490
2540
2874
2802
3019
2457
1662
3113
2441
2158
2026
1680
2893
2237
2185
1045
1452
2833
1259
1806
2401
2395
2793
1453
1142
2094
1427
2236
1352
3134
2783
2560
2017
1092
2406
1972
2105
975
1133
2722
2557
2966
2067
2213
1003
2236
1565
1802
1805
2032
1810
1685
2137
2298
927
1507
2323
2532
2404
1963
2585
1927
1533
2424
2452
2006
2334
2272
2294
1820
2224
2377
1489
1984
1030
1917
1649
1125
2506
2134
1990
2204
2030
1886
1259
1810
1637
1951
2810
1965
2193
2427
2042
1068
1688
2523
1581
2641
2471
1360
1776
2119
2462
1733
1594
1879
2436
1901
2436
2325
2502
2579
1275
2338
2466
2279
2536
2270
2270
2634
1138
680
669
2647
2481
707
2654
706
1790
1942
2071
2663
1641
1818
1149
1906
1416
2320
2109
1897
1625
3059
2269
2353
1265
2635
1336
1099
1193
1629
2346
2349
3102
2128
1968
2051
2472
1909
2249
2322
1812
1562
2576
1902
1442
2548
1762
1535
2430
1157
2307
2849
2189
1405
2433
2219
1290
2032
1760
2625
1229
1709
2128
1235
2809
766
2626
1450
2513
891
2591
1772
1142
2094
2020
1675
2394
2538
1146
1472
2605
2546
2588
1950
2405
1641
2645
2616
2266
2807
2614
2621
2527
2119
2876
2640
2261
2509
3055
2165
1576
2517
3118
1369
1656
2434
1802
1970
2439
1918
2618
1877
1889
2063
1874
2324
2894
2761
2161
2133
2625
2679
2296
2020
2332
1495
2926
1046
783
913
2742
1885
972
2069
2136
2432
1208
795
2773
862
775
824
2222
1779
2992
866
1356
2300
1645
2129
2482
2366
1795
2272
1754
1098
1832
1245
2623
1519
2048
1775
2769
2276
2503
2577
2586
1339
1948
2291
2369
2791
2328
2360
902
847
2621
2146
2478
1366
1570
1351
1799
2322
1172
1791
2615
1902
2729
1308
2086
2211
2727
1856
1656
2043
3047
2671
1664
2396
2083
2542
2781
2750
2278
1994
2517
2690
3020
2819
2760
2336
1193
1796
2354
2674
1524
2691
2643
2643
1924
2571
2367
2647
2184
2470
2166
2001
2608
2353
2383
2953
2707
2691
2891
2256
2800
2565
2710
2820
1613
2547
2325
2078
2814
2323
2663
2553
1923
2695
1968
2406
2285
2740
2461
1661
2680
1958
2280
2093
2234
2814
2556
2082
2075
2748
2840
2768
2799
2043
2342
2189
2126
933
1646
1716
2791
2073
2337
2462
2383
2809
3064
2796
3079
1827
2569
2126
2375
2484
2406
1802
1877
2478
2968
2406
1200
2247
1314
2416
2057
1855
2568
1931
3063
2155
2371
2038
2894
2174
2505
1933
1901
2133
3043
2492
2665
2829
2268
2540
2862
1949
2122
2649
2332
1618
2831
2374
2002
2626
2046
2388
2761
2541
2806
2613
2110
3025
2515
1854
1737
2791
2604
2518
2849
2368
2446
2271
2009
1865
2536
2820
1820
2993
1690
2286
2423
1410
2740
3009
2691
2208
2747
2539
2556
3067
2214
2014
2690
2302
2692
2613
2051
1835
2682
1522
1298
1842
2255
2853
2637
2681
2262
2292
1844
2839
2793
2587
2285
1123
2465
1352
2170
2955
2000
1342
2791
1245
2626
2544
2543
2684
1093
1030
2801
3173
1688
2596
2998
1792
2201
2793
2687
2328
2966
1972
1417
1597
2249
2574
2831
1881
1269
2228
2074
1131
2352
2246
2945
2295
2130
1787
2857
2147
2815
2602
2741
3050
1471
3026
1165
1699
739
2117
2327
2551
2971
2206
2553
1949
2836
2655
2856
2730
2272
2209
2440
1483
3107
2348
2253
2928
2923
2682
1358
1369
2568
2077
2987
2414
2296
2836
1711
2837
2622
2450
2757
2460
2745
2651
2748
2608
1719
1071
2436
1837
2354
2267
2638
2668
2756
2614
2515
2058
2215
2470
2836
2329
2788
2382
1147
2878
1431
2314
2113
2220
2973
2543
2629
2016
2682
1889
1962
1705
2495
2010
2652
1946
2593
1952
2239
2270
2703
2578
2748
2436
1447
2046
1981
2557
1631
2190
1687
1802
3189
1641
2041
2380
2478
2642
1125
2300
1922
2731
2162
1822
2204
1996
1867
2073
2592
2869
1724
2646
2382
1660
3081
2553
2765
2544
2497
2534
2680
2245
2760
2456
3026
2613
2647
2756
1208
2057
2744
1995
2114
2494
2178
2401
1833
2461
2466
2159
1724
2460
2534
2567
1238
1702
2724
1970
2614
2164
2702
1916
2354
1887
2883
2756
2791
2149
1130
1973
1315
2061
2154
1555
2631
2038
2614
1469
1600
1409
2209
1079
2591
1691
1663
1408
2638
2358
2565
1238
1848
2830
870
2121
2184
1492
2365
1517
2428
1839
1380
2722
1224
2215
2242
2103
2787
1371
1896
2397
1775
1623
1873
2334
1646
2379
1777
2259
2249
2008
942
2397
2728
2473
2229
2895
2147
2654
2814
1267
2599
2268
2245
1683
2872
2706
1697
2458
2427
1466
2946
2887
3221
1424
1950
2779
2819
2964
3243
1501
2720
1901
2303
2154
2467
2452
2583
2093
2700
2124
2742
2170
1071
996
2334
2256
2458
2057
2624
2160
2082
1574
1136
2501
1743
1806
1670
2504
2367
2444
2571
1846
2181
1694
3033
1462
1696
2127
2347
2096
1847
2579
1827
2456
2438
2041
2342
2422
2553
1662
1574
1885
1417
1824
2668
2751
1746
2522
2529
2625
2679
2593
1750
2724
2424
2198
2686
2963
1985
2100
2317
2334
2452
1984
2584
2643
2846
2280
2779
2474
2559
2263
2584
2374
2435
2185
2798
2630
2256
2704
2419
2981
2485
1804
2946
2467
2148
1995
2543
2035
2831
2435
2729
2873
2252
2547
1130
2354
2968
2538
1937
2513
2525
1527
2487
2621
1204
1852
2467
2229
2141
2090
2604
1980
2321
2869
2231
2676
2476
1425
2586
2421
2957
2208
2210
1868
2341
1921
1171
2843
1985
1880
2723
2617
2660
2139
2945
1306
2901
2673
2981
2840
1404
2170
2713
2499
990
1916
2260
2317
2881
2187
2959
3035
2444
1672
1342
2430
1391
2584
2367
2048
2655
1827
1832
2314
1431
2903
2877
2233
2777
2976
2470
2507
3019
2505
2602
2358
2096
2436
1382
2816
2723
2547
3053
2398
2419
2515
2755
2350
1929
2312
2573
3090
2850
2424
3202
2176
2945
2358
2619
2766
2980
1964
1497
2302
1962
1609
2981
2653
2755
2787
2395
2819
2726
1517
2817
2180
2531
1303
2252
2813
2643
2905
2182
2612
2776
2273
2228
2669
2451
2885
2707
2510
2729
2509
2027
2952
2590
2960
2795
2390
1905
2846
2096
2675
2758
2993
3005
1347
3004
2717
1941
2457
2796
2534
2233
2362
2672
1605
2436
2247
2488
2741
3045
2709
2645
2311
2691
2681
2027
2739
2701
2261
2815
2773
2448
2326
2566
2017
3079
2567
2364
3062
2476
2379
2644
2856
2752
1959
2735
2561
1832
3091
3153
2510
2893
2771
2882
2815
2294
1763
2889
2403
3026
2312
2382
2653
2774
2586
2641
3017
2659
2657
2610
2783
2467
2649
2962
2694
2771
2235
2337
1967
1018
2361
2006
826
1751
1185
1759
1773
1153
2138
2154
2033
1488
1191
1076
2538
984
1619
2550
2230
2548
1624
1727
2629
2423
2018
2334
1495
2049
2593
1361
2785
1428
1931
1676
1670
1285
2396
2004
1997
2696
2143
2231
2476
1576
824
2147
2504
1812
2092
1946
1733
2936
2401
1459
1354
2196
1523
2420
2412
2566
2511
2567
2250
2340
1373
1837
1034
1803
2066
2807
2231
1050
2031
760
1373
853
1546
936
1419
2258
1134
1331
1002
1908
1503
1132
1314
1405
1255
1615
1160
1392
2227
1617
1788
1397
1603
1091
1276
882
820
1486
1091
1339
1062
1093
2092
1851
1712
1487
1373
1512
1450
2107
1914
1801
1879
1802
1196
998
1158
1313
1484
2422
1140
2142
784
1416
902
749
2284
1253
1321
2953
1194
1382
1744
2763
2540
1896
1815
2176
2009
941
1712
881
2024
1132
2465
1904
1670
1362
1153
1569
1008
2266
2171
1488
854
2381
1997
1542
1045
2357
1296
1040
1052
1953
2161
1803
1182
1621
2746
894
1000
1003
2481
1501
1427
2085
2143
2251
1052
991
3040
1516
1451
2198
2967
2906
2384
2202
1701
2394
1972
1808
1121
1187
958
1273
1046
1113
1267
1779
1824
885
898
2835
2836
1289
848
2225
1120
929
1001
2909
1343
2446
2138
2709
2461
1667
1114
961
2509
1492
1883
1882
1996
1274
1196
2347
1906
1047
1729
1602
2721
917
2313
1060
1719
2013
1625
1209
1443
2052
1301
1073
2037
2822
2207
2171
1566
848
1518
1668
2699
2356
1269
2533
1596
1590
1463
2537
2173
990
2316
2214
987
1001
1785
949
2509
2506
2334
2336
2704
2463
2255
2197
2774
2509
2047
2096
2118
2395
2676
2268
2186
2252
2646
2488
1636
1893
2384
2016
2330
2691
2836
1302
2509
2317
2171
2345
1876
1913
1672
2056
2289
2545
1610
2403
2763
2271
2471
2997
1252
2238
2771
2620
2571
2654
2818
2790
2360
2241
2483
2530
2853
2124
2331
1615
2776
1354
806
1051
820
1238
1120
1710
1333
1356
855
1685
967
1324
2474
2049
1598
1163
1471
1130
1178
924
1777
1055
893
987
1716
1078
1184
2413
2966
2960
2540
2395
2776
2381
1709
2146
2376
1334
2143
2245
2264
2105
2323
2530
2812
1700
1721
1947
2282
2478
1979
1587
2378
2383
2572
2371
2472
1376
2337
2396
2891
953
1403
1856
1867
1887
2817
3037
2487
1686
1630
2776
2335
1653
2444
1782
2274
2361
851
1017
2417
1224
2899
2922
1693
3440
2556
2909
1402
2989
2424
1059
788
2308
1842
2013
1853
1880
2266
1601
2162
1091
1214
1862
2741
2487
2483
2371
1801
2619
1879
2002
914
2562
2843
1128
1245
2814
2237
1155
2792
3120
2403
1922
3127
2432
2148
1507
2793
1021
1217
1585
2455
2921
2943
2663
1366
1010
3032
3099
2513
2111
2354
1069
1162
1665
2073
2687
1406
2652
2486
2435
2427
776
2467
1183
1191
1366
2427
1979
2619
2199
1625
2523
1345
1758
1439
2818
2003
2864
2381
2380
1561
1474
1298
874
844
681
804
2119
2300
621
1863
1053
2934
1540
1136
1183
795
1721
1546
1019
978
2545
2253
2072
2418
2260
1976
2309
2583
2593
2605
1050
2570
2784
3036
2905
2225
2706
3226
2576
2179
2308
1776
2116
2764
2838
2716
3155
2477
2553
2680
2004
2932
2573
2863
2756
2751
2256
3190
2976
1714
2000
2593
2571
2823
2501
1774
1889
2440
2725
1124
2188
3031
3138
2731
2563
2160
1420
1750
2242
2327
2273
1686
2331
2893
2795
2454
1623
2491
1519
2519
1738
978
2632
2690
3041
2937
1676
1387
2257
1535
2002
2726
2505
1381
2459
2590
2745
2335
3035
1548
2759
1587
2815
3044
3036
2609
2853
2564
2844
1582
2462
2610
1919
2360
2359
1344
2743
2872
2493
2543
1147
2003
1642
2289
3160
2087
2284
2571
2228
2513
2758
2488
2934
1429
2461
2529
2181
2357
2698
2665
2178
2636
2359
2218
2936
1808
2737
1975
2842
2285
2325
2321
1442
2254
2668
2538
2196
2591
2842
2134
2125
2518
2511
1531
1722
2149
2593
2866
2758
2875
2701
2754
1992
1849
2934
2367
2569
2716
2555
2792
2319
2514
2448
2599
2223
2371
2155
2691
2722
2708
2633
2425
3092
2447
1995
2880
2616
2381
2174
2147
2435
2463
2415
2088
1990
1764
1930
2617
2447
2729
2916
2418
2938
2175
2757
2468
2641
2652
2827
2252
2602
2625
2248
2384
2547
2512
2264
2699
2420
2685
2752
1946
2034
2957
2779
2435
2488
2543
2561
2748
1482
2761
3016
2827
1453
2907
2716
2576
2597
2646
2519
2553
2443
1687
2486
2649
2520
2859
2514
1820
2145
2608
2690
2230
2304
2361
1658
2171
2860
2448
3133
3106
2860
2584
3005
2804
2357
2443
3120
2297
2387
2577
2799
2810
2316
2639
2808
2942
2532
2810
2894
2985
2646
3094
2283
2109
2948
2328
3072
2047
2582
2772
2757
2179
2680
2959
2787
2839
1715
3024
2772
2824
2073
2657
2476
1619
2847
1961
2796
2826
2646
2901
3027
3195
2418
2659
2480
2711
2053
2338
2767
2785
2036
2532
1701
2157
2733
2678
2572
2437
2736
2579
2689
2148
2589
2409
1851
2423
2636
2143
2316
1100
2736
2599
2849
2111
2959
2564
2568
3022
2605
2751
2686
2493
2061
2789
2166
2605
2432
1283
995
2397
2598
1390
1951
2350
2059
2830
2933
2764
2523
2792
1823
2507
2157
2062
2325
2751
2426
1503
2665
2492
2682
2687
2569
2781
2715
2065
2682
2989
2712
2688
2844
2904
2562
2118
2819
1640
2626
2563
2363
2539
1460
2074
2621
3033
3015
2154
2951
2747
1638
2134
2188
2610
1788
2686
1890
2341
1747
1929
2461
2819
1500
2661
2775
2113
2993
1519
1595
2332
2588
2009
2560
2483
2082
2816
2373
2205
1731
2691
2933
2283
1617
1788
2653
2389
2318
1723
2737
2463
2399
2623
3190
1770
2848
2497
2395
2826
2468
2229
1410
2613
3056
2990
2479
2750
1816
2921
2551
2533
2829
1729
1864
1723
3016
2124
2641
2501
2660
2836
2775
2492
2714
2514
2217
2995
1365
2896
3131
2394
2253
2682
2544
3061
3278
2758
2896
2859
2305
2592
2197
2614
2756
2596
2514
2632
2464
2444
1739
2453
1942
2598
2648
2274
2729
1960
2205
2539
2925
2832
2718
2793
2546
2929
2180
2566
2387
3066
2778
2669
2689
2681
2399
2320
2775
3164
3030
2412
2631
2676
2392
2532
2719
2365
3115
2840
3093
2853
3210
2793
3014
2885
2987
2999
2498
2799
2795
2825
3012
2432
2801
1939
2815
2663
2099
2295
2876
2966
2336
2602
2647
2060
2497
2647
2801
2656
2660
2763
2505
2759
2878
2281
2994
3088
2373
2568
2797
2361
2933
2760
2723
2303
2730
2766
2588
2832
2485
2673
2425
2883
2671
2254
1943
2746
2321
2470
2987
2882
2466
3163
2429
1796
2867
2544
3094
2845
2967
2276
2863
2862
2946
2950
2266
2431
2296
2196
2777
2704
3010
2328
2520
2789
3144
2579
2595
2990
2966
2610
1959
3033
2119
2390
2998
2774
2979
2520
2426
2925
2589
2779
2407
1578
2331
2622
1909
1542
1685
2560
2402
3035
2904
2511
2245
1829
1762
1848
2210
2822
2698
3001
2887
2614
2457
2670
2021
2508
2429
2458
2858
1686
2517
1491
1390
2301
2367
2461
2861
2727
2781
2386
2297
2238
2245
1624
2400
2596
2718
2374
2502
1540
2948
2962
1217
2629
1521
1916
2577
1832
2112
2485
1849
2408
2057
2777
2187
2263
2273
2244
2743
2340
2906
2275
2479
1937
2054
1489
1667
2287
1694
2260
2647
2698
2380
1602
2203
2001
2434
2902
2811
2890
1397
1514
2127
2582
2740
2202
1756
2392
1819
1531
1829
1790
2300
2282
1452
2242
2011
1855
2408
2530
2495
1442
1958
1210
1317
1915
1672
2360
1509
2440
2105
1865
996
1871
1385
949
2717
1630
2413
2055
1391
2234
1536
1858
2161
2882
1337
950
1294
3054
1817
1954
1233
2334
2203
2509
1349
2454
2191
1540
1056
940
1623
1891
1462
1184
2154
2272
1136
2228
1493
730
1560
1931
2010
2280
2609
1642
2467
2164
1996
1596
2778
2597
2614
1488
1211
1505
870
2108
2465
2079
1758
2514
2188
2340
2529
1844
2625
1379
1659
2380
2125
2391
1506
2402
1366
2339
2889
2629
2179
1695
2364
2325
1254
1896
1603
1619
2316
2056
2319
1191
1704
1541
1109
2692
1322
904
1432
2722
1752
2485
2188
1870
2747
1447
2251
1751
1885
1196
1101
1270
2663
2475
2946
2412
1756
2446
1772
1942
1258
2620
2387
2100
1482
1795
1772
2152
2320
1557
1544
1189
1970
2664
2336
1812
1324
1376
1808
2488
2885
2562
1629
2030
2516
1481
1742
2288
2734
2494
2372
2522
2791
1849
1352
2117
1990
2846
2056
2290
2700
2020
2480
1416
1986
2178
2171
2665
1359
2125
1990
2307
1943
903
2696
1654
1410
2618
2344
1770
2234
2317
1075
1941
2216
1763
2542
2544
1788
2119
1681
2174
1645
2730
1729
2686
1962
1687
1177
1649
2742
921
1881
841
2165
2436
2718
1470
2085
1229
2393
2890
2392
1479
1844
1117
2993
1268
1139
2510
2031
1947
3029
3138
1702
2068
2407
2164
1764
3113
2113
2750
1279
1550
2492
1831
2858
2375
1373
1009
1384
1564
2204
2630
2538
2443
2317
2030
2256
1730
2433
2397
2638
2201
2532
2874
1303
1121
2016
1503
3190
2344
1483
1318
2345
2121
2318
1950
2308
2104
1767
2788
1939
2238
2409
2298
1255
1004
1125
1767
1557
2061
1598
2386
3051
3084
2266
1967
2079
2289
3084
2478
2105
2321
1793
2592
1836
2953
1341
2355
1481
2878
1226
2346
2500
2213
2210
1991
2585
2565
1870
2442
2422
2954
2618
2763
1089
2006
2448
2348
1524
3081
1036
2826
2310
1486
2925
2247
854
2242
2139
2790
1344
1518
2164
1983
2469
1353
1687
2393
2155
2792
1231
2666
2561
2236
1206
1181
1977
2377
2499
2045
2366
2313
2483
2644
2072
2497
2710
1171
2818
1408
2643
1363
1729
2352
2295
2211
1995
2462
2548
1511
3277
1242
1652
2228
2525
2563
2385
3045
1448
933
1314
2689
1224
1608
3005
1628
2249
2652
2634
2417
2307
2091
2257
2373
2363
2702
2608
2395
2481
1709
2973
2517
2522
2010
1355
2809
2510
2559
2816
2522
2159
2134
2809
1503
2105
2549
2577
2667
2391
1160
2138
2652
1789
2290
2157
2918
2954
2527
2636
2446
2860
3152
2774
2002
2821
2571
3098
2711
2810
2640
2776
2581
2856
2798
2501
2481
2961
2105
2158
1798
2161
2051
2582
2825
2059
3120
2670
2091
1454
2473
2062
2854
2730
1944
2389
2941
2770
2494
2319
1766
2695
2642
2467
1630
2175
2943
2310
2379
2855
2596
2513
2180
1267
2761
2736
1678
2347
2301
2701
2400
2182
2503
2041
2466
1927
2754
2075
2306
2828
2107
2684
2709
2828
2963
2755
1593
1720
2582
2615
2363
2055
2457
2016
1660
2457
2208
1450
2611
1506
1560
2439
2034
2776
2684
1916
1796
2070
2348
2418
2306
1986
2618
1193
2975
2033
2415
2168
2697
1923
1882
2396
1797
2462
2443
1323
2036
1452
2706
1385
2427
2233
1672
2024
1507
2880
1201
2297
2727
2579
2322
2150
2763
2701
1436
1300
2353
2237
1873
2166
1584
2324
2570
2103
2869
2537
2985
1202
2346
1717
2221
1600
2966
2578
2156
2619
2730
2144
2200
1969
2731
1337
2602
2378
2813
2560
2820
2237
2000
1921
2300
2634
1599
2555
2521
2108
2632
1610
1708
2838
2898
2040
3002
2535
2217
2236
2650
2687
2356
1461
2379
2486
1698
1564
2594
2011
2568
1501
2665
1392
2624
2176
1927
1657
2796
2493
1735
2174
2682
1957
2440
2346
1796
2701
1768
2336
1073
1573
1414
2936
3000
2706
2948
2192
1426
2466
2065
2223
2291
1393
1700
1958
2434
1513
2357
2246
2563
2585
2387
2643
2097
2496
2112
2169
2606
1629
2212
2703
2262
3036
2567
2693
2071
2751
2313
1550
709
1945
1374
1081
2023
1566
1816
643
768
1588
1521
711
1419
767
1169
1144
1360
1572
1688
1187
1379
1210
852
1473
1666
1526
1531
1010
1218
1574
1963
2220
2386
808
2455
1950
2254
2628
1550
1344
2195
2141
2486
2643
2400
2745
1810
2599
1639
2187
2508
2002
2087
2486
1352
1907
2117
1537
1589
1970
2860
2590
2029
2415
2876
1652
2343
1317
1794
2841
2868
2571
2356
2543
2888
2815
2479
3086
2740
2661
2721
2789
2167
1532
2530
2699
2953
2817
1802
1487
1885
2795
2255
1479
1521
2120
1742
2250
1773
1865
2511
2181
1389
2579
1568
1945
1808
2123
1868
2215
1286
1561
1524
1901
2160
2650
2334
1509
932
2218
2471
871
955
906
1412
1282
2421
2761
2881
2461
1790
2705
1737
2623
1598
2571
2862
2782
2611
1262
1435
1495
2692
2267
790
2856
2364
1309
1686
2222
2851
2396
2366
2485
1078
2043
2425
2334
2067
1961
1386
1047
1499
2488
2697
1835
2462
1465
2341
2327
2481
2174
2696
2638
2642
3075
1055
1341
2509
2733
2480
2499
2565
2444
2997
2704
2517
2224
2469
2607
2660
1518
2221
2171
2343
2804
2788
2150
2297
2599
1768
2208
2834
2718
2270
2571
2352
1778
2524
1636
2553
1076
2489
2096
2576
2703
2731
1999
2264
2095
1030
1946
1875
1015
2616
1728
2857
763
1592
2734
2238
1927
2481
2434
2903
2986
2637
817
2774
2245
1480
1585
3070
2495
1320
2154
1045
2276
1731
2668
2802
2546
2315
1989
2658
2396
2368
2937
2984
2079
2899
2863
2469
2771
2228
2512
1169
2569
1708
2305
2747
2690
2408
2516
2510
2260
2776
1434
1904
2720
2733
2520
2048
2569
2462
2437
1990
2296
2332
3415
2437
2535
2984
2370
2947
2344
2364
2551
2560
2466
2507
2547
2341
2016
2462
2432
2649
2401
1971
2458
2778
1619
2731
2819
1816
2768
3143
2713
2099
2339
1720
1907
2272
2589
3039
2181
3065
2574
2680
2180
2678
2659
2549
2563
3181
2330
2602
2460
2726
2609
2365
2879
2884
2396
2706
1747
2701
2815
2669
2860
2448
1780
1888
2507
2823
2417
3070
2438
3396
2418
2769
2568
2903
2380
1990
2318
2413
2778
2245
1470
1490
1118
2462
2313
3137
2575
2352
1510
1964
2390
2657
2154
2224
1373
2480
2048
2752
2800
2661
2703
2483
2362
2627
1563
2633
1080
1989
3031
1859
1969
2286
2355
849
1515
1442
2602
2672
2712
2597
2663
1892
1343
2058
2635
2169
2744
1182
2640
1540
2842
1408
2685
1276
2129
1629
2267
2275
1297
2530
2847
1202
1094
2641
2361
2618
2374
2029
2754
1920
2382
2531
2140
2340
1268
1933
2351
1920
2417
2796
2557
913
2191
2582
2585
2826
2985
2361
2722
2510
2395
1995
2402
1189
1561
1622
1074
2436
2696
2896
1502
2846
2338
2499
2368
1898
2300
2811
2360
2005
2474
2826
2088
2702
2407
2481
2725
2579
2698
1511
2673
2540
1907
2588
2325
2189
2495
2731
2268
1424
2437
1824
2604
1669
2140
1166
2239
2916
2483
1822
2437
2712
2711
2655
2582
2176
2121
1522
1301
2924
2949
2315
2292
2107
2694
2088
1478
2686
2290
2322
2665
2516
1611
2384
2514
2384
1485
1480
2977
1622
2407
1357
2685
2603
2063
2578
1937
2422
1611
2147
2207
2532
2243
2888
1073
2314
1741
1186
2719
2133
2582
2309
1935
2317
2180
2679
1845
2993
1351
1933
1493
1430
2663
2957
2321
2282
2152
2179
2678
2156
2165
2537
2338
2550
2221
2218
1944
3080
2164
2162
989
3037
1999
2141
2562
1383
1619
1545
1841
2427
1211
2591
2350
2871
2713
2292
2253
2594
2813
1752
2335
2086
2474
1841
2823
2340
2314
2072
1783
1331
2148
2547
2044
1955
2257
2814
2781
2124
2210
2333
2380
2393
1651
2672
2711
2629
2413
2498
2654
2418
2435
1783
1753
2525
2781
2586
2218
2580
1127
2539
2411
2364
1394
1791
2889
2269
2370
2045
2174
1479
1275
2163
2695
1081
2372
1617
2677
1845
1141
1159
2010
3001
2543
1500
1296
2337
2607
1622
2768
2551
2865
2103
1814
2330
2493
1208
2162
2688
2463
2388
2651
1978
1461
2580
2514
2026
1136
1902
1680
1941
2056
2664
2190
2296
3020
1587
2352
2881
2527
1805
2437
2745
1787
1922
2692
2768
2953
1894
2270
2796
1941
2164
2513
2409
2662
2107
2347
2692
3044
1252
1348
2641
2350
2139
1680
1330
2749
2136
2734
2652
1823
2313
2494
2479
2249
2425
2209
1946
2563
2438
2583
1427
1562
2873
1539
2845
2304
2945
2445
1454
1471
2643
2718
2531
2500
1577
2160
1785
1765
2123
2533
1786
2217
2341
1474
1723
2648
2132
2748
2448
2320
1425
1939
2683
2282
2424
1201
2700
1196
2368
2158
916
1518
2539
2481
2734
2298
1960
1128
2194
2147
2584
2734
2255
2468
2669
2812
2648
1960
1941
908
2615
2086
2489
1482
1727
2878
1825
2027
1239
1911
2595
2207
1396
1977
2642
2442
2533
2134
2997
2805
2633
1972
2286
2234
1354
2006
2675
2390
2347
2567
3026
2378
2233
2763
2077
2022
2864
3002
3225
2330
2782
2101
1556
1525
2680
2992
2660
2266
2849
2549
2380
2997
2218
2720
2133
2875
2304
1570
2346
2762
2910
1710
2211
2571
2419
2745
1475
1901
2353
2251
2636
2563
2716
2283
2465
2762
1749
2991
2845
1643
1747
2706
2021
2826
2962
2965
2101
1030
2172
2461
2821
1905
1586
2086
1948
2793
2791
2658
2103
2710
2792
2268
2858
2937
2713
2455
2924
2263
1922
3046
2681
2524
3198
2779
1947
2841
2432
2340
2411
2071
2312
2024
1741
1614
2638
2633
1859
2802
2300
1803
2760
2438
2890
1643
1858
1636
2198
2779
1634
2547
2963
2413
1787
2051
2789
2431
2600
1580
2589
2052
2843
1537
2704
2039
3023
2192
2751
1499
1373
2259
2163
2838
2359
2353
2937
2131
2852
2389
2324
1220
2539
2667
2692
2699
2949
2361
2627
2438
2544
2532
2710
2256
2145
2851
2960
2426
2456
2511
2766
2556
2267
2230
1507
1549
1278
2755
2770
2166
1960
1962
2495
2243
2851
1810
2414
2094
2685
2742
2275
2557
2861
2960
2127
2713
2931
1789
2642
2431
2394
2648
2766
2828
2898
2647
2665
2775
2188
2479
2628
2998
2361
2699
1869
2103
1632
1746
1469
2232
2838
2640
1454
2168
2817
2828
2537
1860
2663
2666
2738
2253
2699
1492
2669
3103
2424
2554
2517
2788
2628
3031
2369
3235
1687
2596
2580
1295
2717
2326
2793
2959
2404
2596
2362
2882
2665
2807
2895
2608
1320
2022
1978
1190
2838
2996
2519
1882
2630
1035
2639
2000
2308
3014
2233
2435
1866
2548
2563
3049
2891
2739
2700
2642
2658
2372
2526
1931
2212
2376
2376
1733
2315
2655
2588
2771
2389
2477
2780
2517
2125
2347
2937
2525
2557
2307
2831
2544
2349
2569
2903
2381
2663
2752
2559
2757
2718
1867
2572
2790
2061
1935
2572
2892
2140
2713
2687
2583
2370
2484
2850
2498
2639
2479
2748
2609
1784
2591
2785
2670
1785
2159
2759
2862
1734
1401
2008
2406
2413
2234
2787
2278
2042
1521
1081
2513
2879
1519
2473
2362
3210
2889
2364
2211
2332
2928
2848
3140
2284
2758
2442
2221
2051
1914
2184
2606
2301
2175
2314
2504
2767
2780
2464
2242
2401
2328
1172
2315
2583
2818
2358
2255
2040
2436
2738
2752
2922
2341
1672
2890
2780
1986
2656
1547
2562
2395
2884
2977
2460
2806
2247
2599
2770
2957
2854
1704
2296
2593
2282
2757
2014
3085
2522
3007
1222
2988
2691
1294
2286
3042
2902
2198
2723
2572
2380
2427
2302
2281
2099
2272
2505
2897
2675
2608
2290
2442
2288
2471
2043
2545
2829
2949
2892
1276
3130
2455
2926
2647
2952
2627
2913
2352
2870
2659
2297
2850
2982
1650
2924
2198
2316
2062
2576
2480
2444
3033
2809
2619
2646
3082
2463
2700
2226
2283
2455
2950
1695
2267
2117
2808
2729
2258
3059
2774
1993
2620
2487
1619
2873
2506
2596
2769
2636
2256
2030
2603
2869
2765
2843
2611
2585
2471
2991
2965
1252
2786
2524
1954
2829
2888
2471
2171
1858
2278
2686
2074
2524
2594
2233
2480
2362
1970
2322
3013
2560
2481
2373
2296
1917
1918
2434
3032
2645
2984
2784
2641
2786
3051
2516
2742
2611
2087
1946
2236
2377
2444
2398
2324
2874
1624
1390
2584
2014
2571
2838
2488
1984
2084
2681
1953
2452
2791
2501
2425
1742
2840
2522
2477
2311
3139
2145
1999
2639
3010
2050
2304
2344
2757
1787
1507
887
1986
2445
2630
2463
2426
1867
2350
2066
2098
1028
2819
2175
2470
2080
2315
2481
2296
2613
1454
1825
2663
2127
1922
2272
2355
1315
2497
1825
2253
2456
2738
1155
2005
2749
2540
2101
2129
2266
2574
2404
2361
1925
2437
2397
2428
2500
2128
2295
2757
2144
2025
2676
1852
1652
1521
2484
1137
1828
1881
1717
1225
2367
2325
2259
1758
2470
2661
2123
2059
2310
1843
2351
2288
2571
2124
795
2141
2446
2536
1788
1939
2589
2245
2382
2584
851
2634
1150
2963
2038
2656
2618
820
1428
1863
1999
2592
1392
2351
2041
2228
1226
2323
2571
1944
2034
2279
2531
2283
2500
2635
1819
2773
2163
2447
2874
2541
3155
2498
2156
2514
2626
2679
2558
2055
1479
2579
2471
2404
2187
1821
2841
2581
2751
2578
2757
2164
2443
2597
2671
2646
2407
2648
2563
2090
1605
1825
2843
2879
2637
2510
2363
1967
2421
1954
1283
2660
1149
2217
2586
2704
1782
2400
1267
1443
2438
1322
2235
2325
2382
2318
2514
1953
2741
2841
2521
2727
2852
2352
2359
2633
2613
2872
2858
2814
2727
2411
2657
1826
2900
1765
2703
3004
2467
2151
2915
1792
2155
2737
1889
2436
2480
2560
2885
2868
3156
2064
2305
2767
2585
1672
2377
2546
2281
2706
2128
2850
2544
2353
2655
2813
2848
2838
2767
2043
2445
2809
1218
2132
2550
1863
2783
2979
1464
1972
2967
2292
2963
2578
2631
2785
2678
2418
1983
2750
2318
1264
2346
2080
1254
2325
2216
2787
1563
1575
2176
2552
1718
2092
2577
2430
1787
1950
1806
2699
2558
1517
2043
869
2386
2294
2253
1108
2267
1836
915
2400
875
1311
2003
1496
2139
1304
2321
2018
1024
1244
1036
2423
2488
1544
2368
1182
1615
1084
2201
1315
1281
2295
1892
1023
2142
2714
1884
1863
2548
2747
1648
1149
2016
1761
1982
1884
1227
1220
1471
1882
2094
2430
2295
1151
1296
1623
1535
2235
1192
2753
2157
656
2035
1882
2432
749
1625
1830
1204
1585
1646
1446
2603
1973
2745
2704
1713
1792
2037
2569
2787
1341
1747
2802
1888
2769
2306
2473
2158
2427
2097
2162
1692
2216
2412
2097
2503
2649
2810
2255
2597
1555
1216
1199
1717
2736
1906
2724
2682
2543
2786
2649
2668
1554
2183
2236
3095
1895
1547
2577
2654
1562
1395
2887
1719
2657
2056
2660
2145
2339
